,phylum_name,feature_name,coef,coef_sd,lower_95,upper_95,count,significant,permutation_importance,lower_90,upper_90,t-statistic,p-value
0,Firmicutes_C,Urea cycle,-5.422124544151034,0.8565558210068461,,,50,True,0.1899403647158608,-5.62521401576855,-5.219035072533518,-44.760901036204274,2.081293001207774e-41
1,Firmicutes_C,Pyrimidine salvagetRNA modification,5.6299215021382025,1.3039025333626924,,,50,True,0.0923441560644613,5.320766079868003,5.939076924408402,30.531083189502002,1.5053006020568338e-33
2,Firmicutes_C,Glycine cleavage,1.8399004395611296,0.691640793907301,,,50,True,0.0568997201017811,1.675912337514678,2.003888541607581,18.810430052455164,4.633163118652944e-24
3,Firmicutes_C,Folate biosynthesis,4.364676761636688,1.0419065486095174,,,50,True,0.0534125445292621,4.117640613796132,4.611712909477244,29.621586887609766,6.148234992759908e-33
4,Firmicutes_C,Unannotated,-1.1483755841286856,0.8556123288718706,,,44,True,0.043491764206955,-1.3512413536657668,-0.9455098145916044,-9.490561735559776,1.1090685249902037e-12
5,Firmicutes_C,Ribosome 30S subunit,2.7463204684749383,1.1084508811790152,,,50,True,0.037684062765055,2.483506652665476,3.0091342842844004,17.519421559794136,9.700787640322996e-23
6,Firmicutes_C,3D,2.2610980013945325,1.42358350685416,,,47,True,0.0334751823579304,1.9235662082294605,2.5986297945596046,11.231077924234603,3.712638589658937e-15
7,Firmicutes_C,"Histidine biosynthesis, Purine biosynthesis",1.4316068019588777,0.805042942284197,,,46,True,0.0321999575911789,1.2407310390859745,1.6224825648317809,12.574470559118902,5.931239073819733e-17
8,Firmicutes_C,CRISPR-Cas system,-4.091818774201301,0.9549463881344884,,,50,True,0.0283040288379982,-4.318236659215871,-3.865400889186732,-30.298588890172187,2.1491700586051816e-33
9,Firmicutes_C,Na+-translocating Fd:NADH oxidoreductase,2.079338792471806,0.6802093169018587,,,50,True,0.0279697879558949,1.9180610947771848,2.2406164901664263,21.615619251407573,1.0481787496686579e-26
10,Firmicutes_C,Lipoate biosynthesis,-3.99803161830083,1.0348772651564044,,,50,True,0.0270628668363019,-4.2434011223251495,-3.7526621142765104,-27.317589861938696,2.602153309409946e-31
11,Firmicutes_C,2Fe2S,2.600546652998007,0.946895073697658,,,50,True,0.0269840966921119,2.3760377354490725,2.825055570546941,19.419936001420325,1.164062808740247e-24
12,Firmicutes_C,A/V-type ATP synthase,0.6424103330483648,0.5224127123820278,,,41,True,0.0257876420695504,0.5185462262126572,0.7662744398840724,8.695284246272767,1.6853367320886854e-11
13,Firmicutes_C,Pantothenate/CoA biosynthesis,-1.7975713813294465,0.904220744456522,,,49,True,0.0243953265479219,-2.011962211107958,-1.5831805515509354,-14.057130642019224,8.062853877394445e-19
14,Firmicutes_C,Molybdopterin biosynthesis,2.3150803871044165,1.187804129839998,,,50,True,0.0216362425784563,2.033451908027885,2.5967088661809483,13.781809640062644,1.7542671708844085e-18
15,Firmicutes_C,tRNA modification,1.249610268321538,1.1218747376882476,,,38,True,0.0150599999999999,0.9836136547787948,1.5156068818642812,7.876172489553305,2.955759501343302e-10
16,Firmicutes_C,Arginine biosynthesis,-1.324342324116753,0.9507773400291948,,,45,True,0.0145000932994063,-1.5497717274047529,-1.0989129208287531,-9.849324321996923,3.3242634645174973e-13
17,Firmicutes_C,Lysine biosynthesis,-0.8496332312986951,0.5883191532690553,,,46,True,0.0144532569974555,-0.9891237619210088,-0.7101427006763813,-10.211828325398598,9.992185045038912e-14
18,Firmicutes_C,Pentose phosphate pathway,2.66530457252549,1.0994030600711562,,,50,True,0.0126053519932146,2.4046359960139467,2.9259731490370333,17.142529483575444,2.4319280041878236e-22
19,Firmicutes_C,TCA cycle,1.0606535010795335,0.8598411345040122,,,40,True,0.0123583969465648,0.8567850813002356,1.264521920858832,8.72248666650748,1.5339295466702878e-11
20,Firmicutes_C,Aromatic amino acid biosynthesis,-0.8180526177299233,0.6677478875593074,,,41,True,0.0079089482612382,-0.976375709269626,-0.6597295261902208,-8.662708847773915,1.8866125857395117e-11
21,Firmicutes_C,Asparagine biosynthesis,-0.5132161516677525,0.6625951990440697,,,32,True,0.0077854707379135,-0.6703175402404036,-0.3561147630951013,-5.476928018529074,1.480120334467174e-06
22,Firmicutes_C,RNA polymerase,1.3927834574949605,1.0616493921068468,,,43,True,0.007566191687871,1.141066279468436,1.644500635521485,9.276571294075728,2.2912817480400764e-12
23,Firmicutes_C,Archaeal ribosomal proteins,-0.8598858177534979,0.7035476294511999,,,42,True,0.0067167514843087,-1.026697031709229,-0.6930746037977669,-8.642358631126807,2.024477853706478e-11
24,Firmicutes_C,Pyruvate oxidation,0.7763396223456509,0.921649744136548,,,31,True,0.0065677268871925,0.5578163749838027,0.994862869707499,5.956221601067163,2.73342247529539e-07
25,Firmicutes_C,Unknown,-2.169857794286908,1.1672502906535769,,,46,True,0.0063548346055979,-2.446612956017729,-1.893102632556086,-13.144748584227356,1.0988787897309768e-17
26,Firmicutes_C,"TCA cycle, glyoxylate bypass",0.3663569473416174,0.5659572008638272,,,23,True,0.0062909669211195,0.2321684378916954,0.5005454567915394,4.5772627577609075,3.240626645606169e-05
27,Firmicutes_C,Menaquinone biosynthesis,-0.134843396288426,0.4200818688096159,,,18,True,0.0060929770992366,-0.2344448497843115,-0.0352419427925405,-2.2697642291480014,0.02765751702677542
28,Firmicutes_C,Biotin biosynthesis,-1.1611188678312998,0.951069691185577,,,41,True,0.0055415860899067,-1.3866175876079865,-0.9356201480546132,-8.63275354915032,2.0930327400736893e-11
29,Firmicutes_C,NAD biosynthesis,-2.308186449535233,1.0753430869545366,,,50,True,0.0054479134860051,-2.5631504039923234,-2.053222495078143,-15.177800559741428,3.7434886170763495e-20
30,Firmicutes_C,Cysteine biosynthesis,0.2335802529374128,0.3995967294438099,,,20,True,0.0041301102629347,0.1388358280528353,0.3283246778219902,4.133321637371878,0.00013931336970177875
31,Firmicutes_C,Non-phosphorylated Entner-Doudoroff pathway,-0.2333130428451633,0.4944220050505234,,,17,True,0.0032593808312128,-0.3505405501473184,-0.1160855355430083,-3.336769663361241,0.0016234865799694095
32,Firmicutes_C,Lipid A biosynthesis,0.2702718354327258,0.5168951618291362,,,19,True,0.0029570737913485,0.1477159403900249,0.3928277304754266,3.6972883809152064,0.0005502578536229889
33,Firmicutes_C,"Isoleucine, leucine, valine biosynthesis",0.116349066451622,0.5404157881233751,,,7,False,0.0026803138252755,-0.0117835714595063,0.2444817043627503,1.5223688071430646,0.13434468631969687
34,Firmicutes_C,Methionine biosynthesis,0.3439285920262117,0.6766460914228845,,,19,True,0.0022566581849024,0.1834957354523113,0.504361448600112,3.59411282719856,0.0007540121980165602
35,Firmicutes_C,Thiamine biosynthesis,0.1024380757336771,0.2830680702701095,,,11,True,0.0018223579304495,0.0353226077010492,0.169553543766305,2.558913053452674,0.013639382314398225
36,Firmicutes_C,23S rRNA modification,0.0225137775702149,0.1779348103494008,,,3,False,0.0015754028837998,-0.0196745839235467,0.0647021390639766,0.8946897326478173,0.37532684007321504
37,Firmicutes_C,Ribosome 50S subunit,-2.315528836172339,1.3904593531071463,,,45,True,0.0012496776929601,-2.645206889140595,-1.985850783204083,-11.775433337419434,6.753443589816781e-16
38,Firmicutes_C,Heme biosynthesis,0.1190760957160618,0.4860064789501407,,,6,True,0.0008856318914334,0.0038439105017319,0.2343082809303917,1.732477207709894,0.0894794150548626
39,Firmicutes_C,Purine biosynthesis,0.260117421218988,0.4962978374011738,,,17,True,0.000857955894826,0.1424451538771559,0.3777896885608202,3.7060566979667637,0.0005356208021950837
40,Firmicutes_C,Aminoacyl-tRNA synthetases,-0.5956248080548849,0.9044699155142426,,,20,True,0.0005982273112807,-0.8100747163163319,-0.381174899793438,-4.656543391817356,2.4843779205253427e-05
41,Firmicutes_C,Translation factors,0.042912193018058,0.2366163592532685,,,7,False,0.0005705513146734,-0.0131895696438555,0.0990139556799715,1.2823924252074166,0.20573877029430068
42,Firmicutes_C,Lysine biosynthesisTCA cycle,-3.18512188243223,1.1099841858989516,,,50,True,0.0002405682782018,-3.4482992449455536,-2.9219445199189065,-20.290570898084166,1.713667891083532e-25
43,Firmicutes_C,Glutamine biosynthesis,-0.5178556168893987,0.5252250572873423,,,33,True,0.0001468956743002,-0.6423865309860215,-0.393324702792776,-6.971853556821183,7.33423208544081e-09
44,Firmicutes_C,Thymidylate biosynthesis,0.0676037581728915,0.2338596759771996,,,11,True,1.9160305343509283e-05,0.0121556053939808,0.1230519109518022,2.044092280466842,0.04633805825770564
45,Firmicutes_C,Isoprenoid biosynthesis,0.19812655355831,0.6262720027410928,,,12,True,0.0,0.0496373984953905,0.3466157086212295,2.236993334222511,0.029869215831650243
46,Firmicutes_C,Cobalamine/B12 biosynthesis,0.0,0.0,,,0,False,0.0,,,,
47,Firmicutes_C,Histidine biosynthesis,-0.6318341127667507,0.6947585405798754,,,32,True,0.0,-0.7965614328639606,-0.4671067926695408,-6.430639706126653,5.057750017926327e-08
48,Firmicutes_C,Ubiquinone biosynthesis,0.0010240814773023,0.0072413495708802,,,1,False,-1.9160305343509283e-05,-0.0006928432368617,0.0027410061914664,0.9999999999999638,0.3222234059506929
49,Firmicutes_C,NADH dehydrogenase,-0.7030704934522898,0.9344045376343778,,,28,True,-5.322307039864101e-05,-0.9246179036398834,-0.4815230832646962,-5.320456970713193,2.555615914336578e-06
50,Firmicutes_C,Pyrimidine degradation,-0.0067368232260802,0.142136200501381,,,4,False,-0.0005875826972009,-0.0404373307115299,0.0269636842593694,-0.33514708920125236,0.7389447452908163
51,Firmicutes_C,Na+-translocating NADH dehydrogenase,-0.0387964942656032,0.2022073307031777,,,3,False,-0.0012305173876166,-0.0867398727852016,0.0091468842539951,-1.3566898927983284,0.1810975821959742
52,Firmicutes_C,Pyridoxal phosphate biosynthesis,-0.1623707783010257,0.4801093344110616,,,6,True,-0.0016903647158608,-0.2762047499499094,-0.048536806652142,-2.3914027529590047,0.020668030900077607
53,Firmicutes_C,Serine biosynthesis,0.213383088858365,0.3904766578724712,,,17,True,-0.0019884139100932,0.1208010338638898,0.30596514385284,3.8641139253850123,0.0003278555308353258
54,Firmicutes_C,Gluconeogenesis,-1.3479549769854762,1.1856044656150309,,,40,True,-0.0025121289228159,-1.6290619154522443,-1.066848038518708,-8.039343074388157,1.6635710027703787e-10
55,Firmicutes_C,Pyrimidine salvage,-0.09974933560255,0.3788893015185491,,,16,True,-0.0026377353689567,-0.1895840272359359,-0.0099146439691641,-1.8615841445172805,0.06866540768927495
56,Firmicutes_C,Fatty acid biosynthesis,-0.1470401541556949,0.4423704129164167,,,17,True,-0.0028846904156064,-0.2519262237090057,-0.0421540846023841,-2.3503626615700512,0.02282551746725449
57,Firmicutes_C,Proline degradation,-0.2999331888597254,0.5730271365928623,,,17,True,-0.0030251993214588,-0.4357979807846083,-0.1640683969348425,-3.7011299849889006,0.0005437983677535068
58,Firmicutes_C,Threonine biosynthesis,0.5849867664223293,0.66956820128058,,,31,True,-0.0033487955894825,0.4262320783155788,0.7437414545290796,6.177833843520331,1.2444183674188576e-07
59,Firmicutes_C,Proline biosynthesis,-0.009590278561073,0.2172715929364359,,,19,False,-0.0034020186598812,-0.0611053951766941,0.0419248380545479,-0.3121140187887612,0.7562781906955167
60,Firmicutes_C,Purine salvage,0.5615324134267168,0.9209512196165828,,,21,True,-0.003687294317218,0.3431747862990582,0.7798900405543754,4.311448521186472,7.810379422809569e-05
61,Firmicutes_C,Entner-Doudoroff pathway,0.956050343878568,0.9385074874790166,,,36,True,-0.0042748770144189,0.7335301238686776,1.1785705638884585,7.20324227916595,3.214957304738327e-09
62,Firmicutes_C,Riboflavin/FAD biosynthesis,-0.2360819086208488,0.4575916135602023,,,16,True,-0.0052286344359626,-0.3445769263831589,-0.1275868908585387,-3.6481245187703273,0.000639707844716868
63,Firmicutes_C,Pyrimidine biosynthesis,1.892902285159587,1.2440652198372886,,,46,True,-0.0065208905852417,1.5979342959659626,2.187870274353211,10.758953956890752,1.678774073009604e-14
64,Firmicutes_C,FoF1-type ATP synthase,-0.6845536933532246,0.9687719432127344,,,26,True,-0.0067657167090754,-0.914249618872334,-0.4548577678341152,-4.996558395891401,7.827975376563015e-06
65,Firmicutes_C,Glycolysis,-0.8771475019004848,1.0363847876001675,,,34,True,-0.0068019083969466,-1.1228744396483832,-0.6314205641525865,-5.984620327464296,2.471631991328366e-07
66,Firmicutes_C,16S rRNA modification,-1.197748878007466,1.380865843032327,,,37,True,-0.0075406446140797,-1.5251523087686576,-0.8703454472462744,-6.133371739703686,1.45754462364253e-07
67,Firmicutes_C,Mureine biosynthesis,-1.5118002066533125,0.8341392010146907,,,46,True,-0.0078344359626801,-1.7095746954080575,-1.3140257178985668,-12.815656866664321,2.892567197215897e-17
68,Firmicutes_C,Glycine cleavagePyruvate oxidation,-0.763344542357607,0.9023086645719026,,,30,True,-0.0079941051738761,-0.9772820178024784,-0.5494070669127356,-5.982056068794329,2.4942081685248304e-07
69,Firmicutes_C,Phospholipid biosynthesis,-2.5035694957560195,1.0830778697451402,,,50,True,-0.0194860305343511,-2.7603673679934757,-2.246771623518564,-16.3450017498505,1.7855039827869703e-21
0,Fusobacteriota,Na+-translocating Fd:NADH oxidoreductase,-0.5729424097259349,0.7589311848201913,,,29,True,0.0521839506172839,-0.7528850702498144,-0.3929997492020555,-5.338184426333135,2.402654283443264e-06
1,Fusobacteriota,Heme biosynthesis,0.5707760682807368,0.7959343772048038,,,25,True,0.0253885802469135,0.3820599471075341,0.7594921894539394,5.070765128121281,6.066183708171148e-06
2,Fusobacteriota,Menaquinone biosynthesis,-0.1825671259019402,0.5574631440721305,,,11,True,0.0172663580246912,-0.3147416936292,-0.0503925581746805,-2.315748657462753,0.024799671347051702
3,Fusobacteriota,"Histidine biosynthesis, Purine biosynthesis",0.2410277021218192,0.3293821527899991,,,27,True,0.0151163580246912,0.1629311604489957,0.3191242437946427,5.174303500676019,4.243703318349115e-06
4,Fusobacteriota,Fatty acid biosynthesis,-0.2732653987596568,0.5359728075622743,,,14,True,0.0117586419753084,-0.4003446055312943,-0.1461861919880194,-3.6051794755305435,0.0007291051993182433
5,Fusobacteriota,Phospholipid biosynthesis,1.03585395572042,1.1557223773189125,,,33,True,0.0103783950617282,0.7618320634048216,1.3098758480360184,6.337675645841565,7.044506374288271e-08
6,Fusobacteriota,"Isoleucine, leucine, valine biosynthesis",0.136997314953115,0.51199837115409,,,4,True,0.0099537037037035,0.015602449473727,0.258392180432503,1.8920320037217953,0.06440347022274857
7,Fusobacteriota,Non-phosphorylated Entner-Doudoroff pathway,-0.3255399462246561,0.5722346368360979,,,19,True,0.0090379629629628,-0.4612168363772189,-0.1898630560720934,-4.022676865477664,0.00019861093505828403
8,Fusobacteriota,NADH dehydrogenase,1.4114060610719843,1.2488881143124586,,,38,True,0.0084938271604937,1.1152945631114966,1.707517559032472,7.991226638754782,1.9704668646626713e-10
9,Fusobacteriota,Ribosome 30S subunit,-0.2020511029853044,0.4415824393682984,,,10,True,0.007976234567901,-0.306750343930822,-0.0973518620397869,-3.2354480688026,0.002178586492607342
10,Fusobacteriota,Pyrimidine biosynthesis,0.1838066102289207,0.4514001391769793,,,13,True,0.006410185185185,0.0767795916678116,0.2908336287900298,2.8792835721485037,0.005893820280831806
11,Fusobacteriota,2Fe2S,0.2587391330753109,0.5693606264725175,,,15,True,0.0046450617283949,0.1237436710700423,0.3937345950805793,3.213362270752524,0.0023213856312967684
12,Fusobacteriota,Pyrimidine salvage,-0.43765123525585,0.6920668403233261,,,21,True,0.0046450617283949,-0.6017403529505443,-0.2735621175611557,-4.471622366699456,4.606821221756654e-05
13,Fusobacteriota,16S rRNA modification,0.0486873685535517,0.1690748057162318,,,5,True,0.0040876543209875,0.0085997150526023,0.088775022054501,2.036209257583074,0.0471532236678585
14,Fusobacteriota,23S rRNA modification,0.0822647256041865,0.3035000590895298,,,6,True,0.002800308641975,0.0103048309601633,0.1542246202482096,1.9166370346574222,0.06112578599517381
15,Fusobacteriota,Biotin biosynthesis,0.1869240107085443,0.4646389098643815,,,17,True,0.0024817901234566,0.0767580782811917,0.2970899431358969,2.844687191117458,0.0064700483990003865
16,Fusobacteriota,Mureine biosynthesis,-0.5351434069328274,0.8653726832968333,,,25,True,0.0023490740740739,-0.7403233574892324,-0.3299634563764224,-4.372723327802079,6.387259701992381e-05
17,Fusobacteriota,Molybdopterin biosynthesis,0.0644743237304983,0.2592372854854662,,,6,True,0.0020969135802467,0.0030091371756788,0.1259395102853178,1.7586294130829436,0.08488451986624146
18,Fusobacteriota,Aromatic amino acid biosynthesis,-0.0712324581620938,0.2756021977770301,,,4,True,0.0019907407407407,-0.1365777670730419,-0.0058871492511458,-1.8275962460848536,0.07370267821971178
19,Fusobacteriota,Unannotated,0.6167531203045986,0.79799652437216,,,28,True,0.0018314814814814,0.4275480638298722,0.8059581767793249,5.465065327552184,1.5428595433175581e-06
20,Fusobacteriota,Methionine biosynthesis,0.0261617300263637,0.1849913670921353,,,1,False,0.0011944444444443,-0.0176997417833565,0.070023201836084,0.9999999999999978,0.32222340595067656
21,Fusobacteriota,Na+-translocating NADH dehydrogenase,-0.0231551139909832,0.1637313812217175,,,1,False,0.0011015432098766,-0.0619758410049426,0.0156656130229761,-0.9999999999999986,0.32222340595067633
22,Fusobacteriota,tRNA modification,-0.0035985694327464,0.1239808165370836,,,2,False,0.0005972222222222,-0.0329944335477405,0.0257972946822476,-0.20523923938704716,0.8382354614765689
23,Fusobacteriota,Histidine biosynthesis,0.0,0.0,,,0,False,0.0,,,,
24,Fusobacteriota,Cobalamine/B12 biosynthesis,0.0,0.0,,,0,False,0.0,,,,
25,Fusobacteriota,Isoprenoid biosynthesis,0.0,0.0,,,0,False,0.0,,,,
26,Fusobacteriota,Glutamine biosynthesis,0.0,0.0,,,0,False,0.0,,,,
27,Fusobacteriota,"TCA cycle, glyoxylate bypass",0.0,0.0,,,0,False,0.0,,,,
28,Fusobacteriota,Purine biosynthesis,-0.4358923964363281,0.7967178650114825,,,16,True,0.0,-0.6247942826475759,-0.2469905102250804,-3.868652667696115,0.0003232238899123049
29,Fusobacteriota,Ribosome 50S subunit,0.0,0.0,,,0,False,0.0,,,,
30,Fusobacteriota,TCA cycle,0.0,0.0,,,0,False,0.0,,,,
31,Fusobacteriota,Thymidylate biosynthesis,0.0,0.0,,,0,False,0.0,,,,
32,Fusobacteriota,Urea cycle,0.0,0.0,,,0,False,0.0,,,,
33,Fusobacteriota,Lysine biosynthesisTCA cycle,-0.0331838411114251,0.2158163816811248,,,4,False,-0.0007033950617284,-0.0843539269915296,0.0179862447686793,-1.087244577678777,0.2822480991903153
34,Fusobacteriota,Aminoacyl-tRNA synthetases,-0.0649284359529212,0.2362405173988133,,,5,True,-0.0008493827160495,-0.1209410864732077,-0.0089157854326348,-1.9434150356452635,0.057721526419986506
35,Fusobacteriota,Pyrimidine degradation,0.0078571857348113,0.0555586931412733,,,1,False,-0.0009157407407407,-0.0053157860168226,0.0210301574864454,0.9999999999999903,0.3222234059506802
36,Fusobacteriota,Cysteine biosynthesis,-0.0317615794168966,0.3353194722511813,,,13,False,-0.000968827160494,-0.1112658601332521,0.0477427012994587,-0.6697740526699619,0.5061459633446482
37,Fusobacteriota,RNA polymerase,0.0744231370107897,0.2660787588216354,,,7,True,-0.0014598765432101,0.0113358364374177,0.1375104375841617,1.9778018016380596,0.053589291537007616
38,Fusobacteriota,Unknown,-0.0106183841023916,0.1566280301650597,,,2,False,-0.0016987654320988,-0.047754905863838,0.0265181376590546,-0.4793734171420026,0.6338056557534943
39,Fusobacteriota,FoF1-type ATP synthase,0.0858819105176554,0.4253987003551491,,,2,False,-0.0019907407407407,-0.0149801642743324,0.1867439853096433,1.4275474104079584,0.1597645023724986
40,Fusobacteriota,Lipid A biosynthesis,0.1008813096589629,0.286251920004093,,,11,True,-0.0025879629629631,0.0330109505330444,0.1687516687848814,2.4919957970522137,0.016134628599093977
41,Fusobacteriota,Glycine cleavage,0.2599228746995264,0.4830584222507962,,,15,True,-0.0028401234567903,0.1453896740261743,0.3744560753728785,3.8047825856996225,0.00039460755718403784
42,Fusobacteriota,Archaeal ribosomal proteins,0.3048307450767606,0.4963020589481658,,,20,True,-0.0029197530864198,0.1871574768057106,0.4225040133478106,4.343078636722666,7.040988665294323e-05
43,Fusobacteriota,Pyridoxal phosphate biosynthesis,0.0392288960088359,0.2037965043102944,,,2,False,-0.0036496913580247,-0.0090912757334137,0.0875490677510855,1.3611135519810078,0.17970488249362418
44,Fusobacteriota,Lysine biosynthesis,-0.1062362746886932,0.2976608367393604,,,9,True,-0.0037691358024692,-0.176811689124107,-0.0356608602532794,-2.523690757012456,0.014905281611656527
45,Fusobacteriota,Thiamine biosynthesis,-0.0124098351182179,0.0549552797496097,,,3,False,-0.0038620370370371,-0.0254397374937828,0.0006200672573468,-1.5967671542170903,0.11674750323960735
46,Fusobacteriota,Entner-Doudoroff pathway,0.0351103570058816,0.1932314006324776,,,3,False,-0.0054944444444445,-0.0107048275879648,0.080925541599728,1.2848207614020006,0.20489552541582473
47,Fusobacteriota,Purine salvage,-0.2211161539881934,0.5197244956872545,,,15,True,-0.0070339506172841,-0.344342884374234,-0.0978894236021528,-3.0083771923851375,0.004138772346028733
48,Fusobacteriota,Glycine cleavagePyruvate oxidation,0.1691881162144659,0.34641920663301,,,15,True,-0.0083611111111113,0.0870520873558228,0.2513241450731088,3.4534477875577085,0.001150619433584496
49,Fusobacteriota,Ubiquinone biosynthesis,0.0550191043377158,0.3485532137804043,,,7,False,-0.0098209876543211,-0.0276228978309712,0.1376611065064028,1.1161676390830697,0.2697941586946026
50,Fusobacteriota,Pentose phosphate pathway,-0.12919722242204,0.4181730750908641,,,8,True,-0.0098475308641976,-0.2283461007345447,-0.0300483441095354,-2.1846512252191395,0.033727554030648206
51,Fusobacteriota,Arginine biosynthesis,-0.1012159928198238,0.2198714460454739,,,11,True,-0.0107765432098767,-0.153347534870015,-0.0490844507696327,-3.2551072990452825,0.0020584954052813393
52,Fusobacteriota,Proline degradation,0.0728247372236668,0.4069938626515269,,,3,False,-0.0110021604938273,-0.0236735486910928,0.1693230231384264,1.2652491905774437,0.21176585580897164
53,Fusobacteriota,Folate biosynthesis,-0.2723630939572186,0.5762261231710075,,,15,True,-0.0118780864197531,-0.4089863659226707,-0.1357398219917665,-3.342260667084385,0.001597606534669294
54,Fusobacteriota,A/V-type ATP synthase,0.2567817456927033,0.5700774626707737,,,15,True,-0.0186067901234569,0.121616321752474,0.3919471696329324,3.185042832838491,0.0025174361199040915
55,Fusobacteriota,Translation factors,1.1002912597364691,0.9165423307326594,,,44,True,-0.0203055555555555,0.8829789806082016,1.3176035388647367,8.488679518140914,3.452686926259769e-11
56,Fusobacteriota,CRISPR-Cas system,-0.5482001917025998,0.8000686122008279,,,26,True,-0.0207037037037038,-0.7378965404106503,-0.3585038429945493,-4.845035376833054,1.3134381432476018e-05
57,Fusobacteriota,NAD biosynthesis,-0.3417199475670689,0.5277682107618048,,,23,True,-0.0211814814814816,-0.466853843609181,-0.216586051524957,-4.578382844290726,3.228515579608905e-05
58,Fusobacteriota,Serine biosynthesis,0.8939874377285432,0.9336203459030448,,,36,True,-0.0241675925925926,0.6726259594796012,1.115348915977485,6.770895496091584,1.5022774574134045e-08
59,Fusobacteriota,Threonine biosynthesis,0.5067028531493877,0.6790248668998893,,,25,True,-0.0365234567901236,0.3457059886697868,0.6676997176289885,5.276581771508637,2.9768369867451096e-06
60,Fusobacteriota,Proline biosynthesis,0.5848724508289362,0.7269818286005115,,,28,True,-0.0370410493827162,0.4125049858895634,0.757239915768309,5.688825495218786,7.03251817249264e-07
61,Fusobacteriota,Lipoate biosynthesis,-0.7380112837008156,0.9109763549287784,,,26,True,-0.0371472222222225,-0.954003869404179,-0.5220186979974523,-5.728499762629239,6.114792498663293e-07
62,Fusobacteriota,Gluconeogenesis,-0.9103416420428844,0.7584564883286365,,,43,True,-0.0400802469135802,-1.0901717519807026,-0.7305115321050664,-8.487088688548518,3.4718582961818396e-11
63,Fusobacteriota,Pyrimidine salvagetRNA modification,0.4418193135167388,0.7533541572686113,,,22,True,-0.0426682098765433,0.2631989667882584,0.6204396602452192,4.14696633227019,0.00013331701631624464
64,Fusobacteriota,Asparagine biosynthesis,1.6426733969995877,1.2817697069038527,,,43,True,-0.0459993827160495,1.3387656701167638,1.9465811238824111,9.062045171116525,4.765962729277245e-12
65,Fusobacteriota,Riboflavin/FAD biosynthesis,0.8334272555395487,1.111586459568439,,,25,True,-0.0511487654320989,0.5698699937774634,1.096984517301634,5.301630466482168,2.7286086466421906e-06
66,Fusobacteriota,3D,-2.042414121064966,1.2893789292499762,,,47,True,-0.0652033950617285,-2.348125995334096,-1.7367022467958368,-11.200779245216028,4.0866376075867255e-15
67,Fusobacteriota,Pantothenate/CoA biosynthesis,-1.089042397177039,1.095057382008169,,,39,True,-0.0938435185185185,-1.3486806129812154,-0.8294041813728628,-7.032227504200261,5.913539447212762e-09
68,Fusobacteriota,Glycolysis,-1.6028466389572,1.0911087515148448,,,44,True,-0.133246913580247,-1.8615486340728529,-1.3441446438415474,-10.387449702288288,5.613602882317813e-14
69,Fusobacteriota,Pyruvate oxidation,-2.505571582450426,0.9706863224313768,,,49,True,-0.2227904320987656,-2.735721407475504,-2.275421757425348,-18.25210282412583,1.692597528345402e-23
0,Cyanobacteriota,Ubiquinone biosynthesis,7.57715734725695,2.008754427843833,,,50,True,1.4408041666666664,7.100881469660774,8.053433224853126,26.672545275302305,7.806070628222769e-31
1,Cyanobacteriota,Lysine biosynthesis,4.195795371651838,1.011853832709852,,,50,True,0.9791152777777776,3.9558847257844745,4.435706017519201,29.321185173757137,9.869751185770032e-33
2,Cyanobacteriota,Pentose phosphate pathway,-7.067798032365419,2.016207040318397,,,50,True,0.7601805555555554,-7.545840925131547,-6.589755139599291,-24.787572986320374,2.2209306807092638e-29
3,Cyanobacteriota,Heme biosynthesis,5.662924815483369,0.9492908284988718,,,50,True,0.5216458333333333,5.4378478642292505,5.888001766737488,42.18193643258851,3.546833099545801e-40
4,Cyanobacteriota,Pyrimidine salvage,-6.834361578191903,1.351226515989573,,,50,True,0.3053652777777777,-7.154737521519601,-6.513985634864205,-35.76471716499072,8.974155890807962e-37
5,Cyanobacteriota,Menaquinone biosynthesis,2.033034895413482,1.3231082734848685,,,48,True,0.1648986111111109,1.7193257902217751,2.3467440006051885,10.865118068904563,1.1927864210773469e-14
6,Cyanobacteriota,Glycine cleavage,1.9997127761437443,1.1857100493155912,,,47,True,0.1623124999999999,1.7185808037709165,2.280844748516573,11.925432067079175,4.250993593212788e-16
7,Cyanobacteriota,Purine salvage,1.9862834903358648,1.2232614183391504,,,46,True,0.0712541666666665,1.6962480845772885,2.2763188960944403,11.481720132090125,1.6858770337950393e-15
8,Cyanobacteriota,Isoprenoid biosynthesis,2.0753305928254853,0.4254423394155439,,,50,True,0.0354569444444443,1.974458171207873,2.176203014443097,34.49304875031398,4.949586978145252e-36
9,Cyanobacteriota,Pyrimidine degradation,0.0701638709179762,0.2785033292614084,,,5,True,0.0193958333333332,0.0041307034392552,0.1361970383966972,1.7814274986217689,0.08104102865863015
10,Cyanobacteriota,Molybdopterin biosynthesis,0.623110940317765,0.9462104148610494,,,25,True,0.0070097222222222,0.3987643554480967,0.8474575251874333,4.656532674023891,2.484467416653016e-05
11,Cyanobacteriota,Aminoacyl-tRNA synthetases,0.4996297773720602,1.0886170534872155,,,17,True,0.0046277777777776,0.2415185641102589,0.7577409906338615,3.2453249058591735,0.0021174482124177
12,Cyanobacteriota,Cysteine biosynthesis,-0.2650236025446031,0.5882428237669238,,,17,True,0.0043555555555555,-0.4044960354342573,-0.125551169654949,-3.1857589920727984,0.002512291436924844
13,Cyanobacteriota,3D,2.6361872910788584,0.9057389653237669,,,50,True,0.0006805555555554,2.421436490979481,2.8509380911782354,20.58060855682988,9.183185249704955e-26
14,Cyanobacteriota,RNA polymerase,-0.2513992277416612,0.5562476559875921,,,14,True,0.0002041666666665,-0.3832856031213912,-0.1195128523619313,-3.195808500182789,0.002441136095859359
15,Cyanobacteriota,Cobalamine/B12 biosynthesis,0.0,0.0,,,0,False,0.0,,,,
16,Cyanobacteriota,Glycolysis,0.0,0.0,,,0,False,0.0,,,,
17,Cyanobacteriota,Asparagine biosynthesis,0.0,0.0,,,0,False,0.0,,,,
18,Cyanobacteriota,Ribosome 30S subunit,0.0,0.0,,,0,False,0.0,,,,
19,Cyanobacteriota,Archaeal ribosomal proteins,0.0,0.0,,,0,False,0.0,,,,
20,Cyanobacteriota,Histidine biosynthesis,0.0,0.0,,,0,False,0.0,,,,
21,Cyanobacteriota,"Histidine biosynthesis, Purine biosynthesis",0.0,0.0,,,0,False,0.0,,,,
22,Cyanobacteriota,Riboflavin/FAD biosynthesis,0.0,0.0,,,0,False,0.0,,,,
23,Cyanobacteriota,"TCA cycle, glyoxylate bypass",0.0,0.0,,,0,False,0.0,,,,
24,Cyanobacteriota,Folate biosynthesis,0.0,0.0,,,0,False,0.0,,,,
25,Cyanobacteriota,Pyridoxal phosphate biosynthesis,0.0,0.0,,,0,False,0.0,,,,
26,Cyanobacteriota,23S rRNA modification,0.0,0.0,,,0,False,0.0,,,,
27,Cyanobacteriota,Lipid A biosynthesis,0.0,0.0,,,0,False,0.0,,,,
28,Cyanobacteriota,Translation factors,0.0,0.0,,,0,False,0.0,,,,
29,Cyanobacteriota,Biotin biosynthesis,0.0,0.0,,,0,False,0.0,,,,
30,Cyanobacteriota,A/V-type ATP synthase,-0.0058925171412023,0.0277951808180187,,,3,False,0.0,-0.0124827573186718,0.0006977230362672,-1.4990508088729613,0.14027605276523178
31,Cyanobacteriota,Aromatic amino acid biosynthesis,0.0,0.0,,,0,False,0.0,,,,
32,Cyanobacteriota,NADH dehydrogenase,0.0,0.0,,,0,False,0.0,,,,
33,Cyanobacteriota,Lysine biosynthesisTCA cycle,0.0,0.0,,,0,False,0.0,,,,
34,Cyanobacteriota,Threonine biosynthesis,-0.007179558542029,0.0507671453099457,,,1,False,0.0,-0.0192164538192186,0.0048573367351604,-0.9999999999999878,0.32222340595068133
35,Cyanobacteriota,Proline biosynthesis,0.0,0.0,,,0,False,0.0,,,,
36,Cyanobacteriota,tRNA modification,0.0,0.0,,,0,False,0.0,,,,
37,Cyanobacteriota,Pyrimidine biosynthesis,0.0,0.0,,,0,False,0.0,,,,
38,Cyanobacteriota,Pantothenate/CoA biosynthesis,0.0,0.0,,,0,False,0.0,,,,
39,Cyanobacteriota,Methionine biosynthesis,0.0,0.0,,,0,False,0.0,,,,
40,Cyanobacteriota,Proline degradation,0.0,0.0,,,0,False,0.0,,,,
41,Cyanobacteriota,16S rRNA modification,0.0,0.0,,,0,False,0.0,,,,
42,Cyanobacteriota,CRISPR-Cas system,0.0,0.0,,,0,False,0.0,,,,
43,Cyanobacteriota,Phospholipid biosynthesis,0.0,0.0,,,0,False,0.0,,,,
44,Cyanobacteriota,Pyruvate oxidation,0.0,0.0,,,0,False,0.0,,,,
45,Cyanobacteriota,Non-phosphorylated Entner-Doudoroff pathway,0.0,0.0,,,0,False,0.0,,,,
46,Cyanobacteriota,Arginine biosynthesis,0.0,0.0,,,0,False,0.0,,,,
47,Cyanobacteriota,2Fe2S,0.0,0.0,,,0,False,0.0,,,,
48,Cyanobacteriota,Serine biosynthesis,0.0006565095774996,0.0046422237416392,,,1,False,0.0,-0.0004441621402076,0.0017571812952069,0.9999999999999191,0.3222234059507143
49,Cyanobacteriota,Thymidylate biosynthesis,0.0047796840797427,0.0337974702471549,,,1,False,0.0,-0.0032336995272183,0.0127930676867039,0.9999999999999871,0.32222340595068166
50,Cyanobacteriota,"Isoleucine, leucine, valine biosynthesis",0.0299954208739329,0.1283779662351929,,,4,False,-0.000748611111111,-0.0004430078783109,0.0604338496261767,1.652149985430138,0.10489873265791362
51,Cyanobacteriota,Ribosome 50S subunit,-0.4510224478754698,0.6396146924099514,,,25,True,-0.000748611111111,-0.6026751560056252,-0.2993697397453145,-4.986142988030257,8.112564603673498e-06
52,Cyanobacteriota,Entner-Doudoroff pathway,-0.1084678135782283,0.2718269545945851,,,9,True,-0.0018375,-0.172918011949563,-0.0440176152068936,-2.8215864992504085,0.0068834343167976505
53,Cyanobacteriota,Thiamine biosynthesis,-0.1504752625657635,0.3346444181938187,,,14,True,-0.0021097222222222,-0.2298194878969814,-0.0711310372345456,-3.179556352242871,0.0025571801748770725
54,Cyanobacteriota,Glutamine biosynthesis,-0.0359938203421818,0.1280214313152512,,,4,True,-0.0061930555555555,-0.0663477146289205,-0.0056399260554432,-1.988063575237892,0.052406544437663974
55,Cyanobacteriota,Glycine cleavagePyruvate oxidation,-0.100110516651407,0.3094556160607427,,,6,True,-0.0078944444444444,-0.1734824744544312,-0.0267385588483829,-2.2875275651291984,0.026520552409992258
56,Cyanobacteriota,TCA cycle,0.1439987607127217,0.3608339968791514,,,10,True,-0.0083027777777777,0.0584449836317561,0.2295525377936872,2.821865485599639,0.006878299175125962
57,Cyanobacteriota,Na+-translocating Fd:NADH oxidoreductase,-0.1502915334936992,0.2945346290989333,,,15,True,-0.0195319444444445,-0.2201257237820228,-0.0804573432053756,-3.6081381266928494,0.0007225809505587511
58,Cyanobacteriota,Gluconeogenesis,-4.463388772423854,1.5511304217564468,,,50,True,-0.0215736111111112,-4.831161951986255,-4.095615592861453,-20.347047700082864,1.516805527223114e-25
59,Cyanobacteriota,Urea cycle,1.8782044729432597,0.8059925363083646,,,50,True,-0.0218458333333333,1.6871035612313785,2.0693053846551406,16.477709897365227,1.2754144786508179e-21
60,Cyanobacteriota,FoF1-type ATP synthase,-3.616806737693983,1.6492394047870225,,,48,True,-0.0227305555555555,-4.0078415670356025,-3.2257719083523644,-15.506957710574916,1.562617877903094e-20
61,Cyanobacteriota,Mureine biosynthesis,-0.4217404301522932,0.4933169550958367,,,29,True,-0.0266097222222222,-0.5387059299986534,-0.304774930305933,-6.04510984227744,1.9942532727929095e-07
62,Cyanobacteriota,Pyrimidine salvagetRNA modification,-0.5578530048819484,1.0181471576874672,,,18,True,-0.0331430555555556,-0.7992557987367233,-0.3164502110271737,-3.874308735028683,0.00031754032152461775
63,Cyanobacteriota,Unannotated,-0.207563838135989,0.3289327174627453,,,21,True,-0.0340958333333334,-0.2855538186473567,-0.1295738576246213,-4.462000575898559,4.756157038435528e-05
64,Cyanobacteriota,Purine biosynthesis,-3.799305313403525,1.0863227509975817,,,50,True,-0.0992930555555556,-4.056872547313458,-3.541738079493592,-24.730353372776726,2.466871124656592e-29
65,Cyanobacteriota,Fatty acid biosynthesis,-2.409905962909324,1.195530681755648,,,50,True,-0.1199138888888889,-2.693366408224939,-2.126445517593709,-14.25359360825981,4.656314952314961e-19
66,Cyanobacteriota,Unknown,-0.7400590201216083,0.6928206644498415,,,39,True,-0.1417597222222223,-0.904326869592787,-0.5757911706504297,-7.553192022957429,9.266882662189123e-10
67,Cyanobacteriota,Lipoate biosynthesis,-4.710633719502806,1.1195909736184446,,,50,True,-0.2106319444444444,-4.976088852354087,-4.445178586651526,-29.751231701887743,5.018973981930718e-33
68,Cyanobacteriota,NAD biosynthesis,-3.4348534655676253,1.319016144323972,,,50,True,-0.2541875,-3.7475923265222426,-3.122114604613008,-18.41378658128407,1.1595495676123949e-23
69,Cyanobacteriota,Na+-translocating NADH dehydrogenase,-3.732438257156313,1.3558386425073496,,,50,True,-0.2865819444444444,-4.053907736146902,-3.4109687781657234,-19.46568211918345,1.050848029966679e-24
0,Firmicutes_F,Serine biosynthesis,2.6704408296348485,1.1570202155181568,,,48,True,0.2550857142857143,2.3961112197512118,2.9447704395184857,16.32025779728132,1.9014943561775746e-21
1,Firmicutes_F,Asparagine biosynthesis,-2.2521017061891406,1.1039976078092828,,,49,True,0.0486095238095237,-2.5138596504331465,-1.9903437619451352,-14.424636222973028,2.8980302469735174e-19
2,Firmicutes_F,"Histidine biosynthesis, Purine biosynthesis",0.8121285512911933,1.1765535626620347,,,30,True,0.0233142857142856,0.5331675828281368,1.0910895197542496,4.8808794094669405,1.162550545890212e-05
3,Firmicutes_F,Pantothenate/CoA biosynthesis,-2.585826734363136,1.027550053938752,,,49,True,0.0111238095238095,-2.8294589558681755,-2.3421945128580965,-17.794321666695424,5.007397375974822e-23
4,Firmicutes_F,Glycolysis,-0.6663087806945223,0.8071903280698858,,,35,True,0.0015238095238095,-0.8576936889539596,-0.474923872435085,-5.8369314003034605,4.169662330300959e-07
5,Firmicutes_F,Entner-Doudoroff pathway,0.0144795321796147,0.0653404846867872,,,4,False,0.0006095238095238,-0.0010127033347895,0.029971767694019,1.5669573682676974,0.12356062250204167
6,Firmicutes_F,Archaeal ribosomal proteins,0.0,0.0,,,0,False,0.0,,,,
7,Firmicutes_F,Thiamine biosynthesis,0.0,0.0,,,0,False,0.0,,,,
8,Firmicutes_F,Fatty acid biosynthesis,0.0,0.0,,,0,False,0.0,,,,
9,Firmicutes_F,Pyrimidine salvage,0.0,0.0,,,0,False,0.0,,,,
10,Firmicutes_F,Na+-translocating NADH dehydrogenase,0.0,0.0,,,0,False,0.0,,,,
11,Firmicutes_F,Pyrimidine salvagetRNA modification,0.0,0.0,,,0,False,0.0,,,,
12,Firmicutes_F,Ribosome 30S subunit,0.0,0.0,,,0,False,0.0,,,,
13,Firmicutes_F,Molybdopterin biosynthesis,0.0,0.0,,,0,False,0.0,,,,
14,Firmicutes_F,Purine biosynthesis,0.0,0.0,,,0,False,0.0,,,,
15,Firmicutes_F,Heme biosynthesis,0.0,0.0,,,0,False,0.0,,,,
16,Firmicutes_F,Cysteine biosynthesis,0.0,0.0,,,0,False,0.0,,,,
17,Firmicutes_F,A/V-type ATP synthase,-0.0187625870510435,0.1040766670258659,,,2,False,0.0,-0.0434391753078949,0.0059140012058077,-1.2747480213887437,0.20841027387414116
18,Firmicutes_F,Riboflavin/FAD biosynthesis,0.0,0.0,,,0,False,0.0,,,,
19,Firmicutes_F,3D,0.0,0.0,,,0,False,0.0,,,,
20,Firmicutes_F,RNA polymerase,0.0,0.0,,,0,False,0.0,,,,
21,Firmicutes_F,Folate biosynthesis,0.0,0.0,,,0,False,0.0,,,,
22,Firmicutes_F,Cobalamine/B12 biosynthesis,0.0,0.0,,,0,False,0.0,,,,
23,Firmicutes_F,Glycine cleavage,0.0,0.0,,,0,False,0.0,,,,
24,Firmicutes_F,Biotin biosynthesis,-0.0078109482528091,0.0552317447705854,,,1,False,0.0,-0.0209064005127523,0.0052845040071341,-0.9999999999999982,0.32222340595067633
25,Firmicutes_F,Mureine biosynthesis,0.0,0.0,,,0,False,0.0,,,,
26,Firmicutes_F,Lipid A biosynthesis,0.0,0.0,,,0,False,0.0,,,,
27,Firmicutes_F,Pyrimidine degradation,0.0,0.0,,,0,False,0.0,,,,
28,Firmicutes_F,23S rRNA modification,0.0,0.0,,,0,False,0.0,,,,
29,Firmicutes_F,Pyridoxal phosphate biosynthesis,0.0,0.0,,,0,False,0.0,,,,
30,Firmicutes_F,"TCA cycle, glyoxylate bypass",0.0,0.0,,,0,False,0.0,,,,
31,Firmicutes_F,Histidine biosynthesis,0.0,0.0,,,0,False,0.0,,,,
32,Firmicutes_F,Urea cycle,0.0,0.0,,,0,False,0.0,,,,
33,Firmicutes_F,Ribosome 50S subunit,0.0,0.0,,,0,False,0.0,,,,
34,Firmicutes_F,Isoprenoid biosynthesis,0.0,0.0,,,0,False,0.0,,,,
35,Firmicutes_F,Pentose phosphate pathway,0.0,0.0,,,0,False,0.0,,,,
36,Firmicutes_F,Lysine biosynthesisTCA cycle,0.0,0.0,,,0,False,0.0,,,,
37,Firmicutes_F,NADH dehydrogenase,0.0,0.0,,,0,False,0.0,,,,
38,Firmicutes_F,Aromatic amino acid biosynthesis,0.0,0.0,,,0,False,0.0,,,,
39,Firmicutes_F,Non-phosphorylated Entner-Doudoroff pathway,0.0,0.0,,,0,False,0.0,,,,
40,Firmicutes_F,Phospholipid biosynthesis,0.0,0.0,,,0,False,0.0,,,,
41,Firmicutes_F,CRISPR-Cas system,0.0,0.0,,,0,False,0.0,,,,
42,Firmicutes_F,Gluconeogenesis,0.0,0.0,,,0,False,0.0,,,,
43,Firmicutes_F,Proline degradation,0.0,0.0,,,0,False,0.0,,,,
44,Firmicutes_F,Thymidylate biosynthesis,0.0,0.0,,,0,False,0.0,,,,
45,Firmicutes_F,Lysine biosynthesis,0.0,0.0,,,0,False,0.0,,,,
46,Firmicutes_F,Arginine biosynthesis,0.0,0.0,,,0,False,0.0,,,,
47,Firmicutes_F,16S rRNA modification,0.0,0.0,,,0,False,0.0,,,,
48,Firmicutes_F,Glycine cleavagePyruvate oxidation,0.0,0.0,,,0,False,0.0,,,,
49,Firmicutes_F,Purine salvage,0.0,0.0,,,0,False,0.0,,,,
50,Firmicutes_F,Lipoate biosynthesis,0.0,0.0,,,0,False,0.0,,,,
51,Firmicutes_F,Glutamine biosynthesis,0.0,0.0,,,0,False,0.0,,,,
52,Firmicutes_F,Na+-translocating Fd:NADH oxidoreductase,0.0,0.0,,,0,False,0.0,,,,
53,Firmicutes_F,tRNA modification,0.0,0.0,,,0,False,0.0,,,,
54,Firmicutes_F,Menaquinone biosynthesis,0.0,0.0,,,0,False,0.0,,,,
55,Firmicutes_F,Pyrimidine biosynthesis,0.0,0.0,,,0,False,0.0,,,,
56,Firmicutes_F,Ubiquinone biosynthesis,0.0,0.0,,,0,False,0.0,,,,
57,Firmicutes_F,Methionine biosynthesis,0.0,0.0,,,0,False,0.0,,,,
58,Firmicutes_F,Threonine biosynthesis,0.0,0.0,,,0,False,0.0,,,,
59,Firmicutes_F,Unknown,0.0938751429223948,0.2670574300476797,,,10,True,0.0,0.0305557993025452,0.1571944865422445,2.485598327424571,0.016393640294503818
60,Firmicutes_F,"Isoleucine, leucine, valine biosynthesis",0.0,0.0,,,0,False,0.0,,,,
61,Firmicutes_F,Pyruvate oxidation,0.0,0.0,,,0,False,0.0,,,,
62,Firmicutes_F,Aminoacyl-tRNA synthetases,0.0,0.0,,,0,False,0.0,,,,
63,Firmicutes_F,NAD biosynthesis,0.0,0.0,,,0,False,0.0,,,,
64,Firmicutes_F,2Fe2S,0.0,0.0,,,0,False,0.0,,,,
65,Firmicutes_F,TCA cycle,0.0,0.0,,,0,False,0.0,,,,
66,Firmicutes_F,Proline biosynthesis,0.0,0.0,,,0,False,0.0,,,,
67,Firmicutes_F,FoF1-type ATP synthase,0.0,0.0,,,0,False,0.0,,,,
68,Firmicutes_F,Translation factors,-0.0018335949423623,0.0109719463136753,,,2,False,-0.0021333333333333,-0.0044350445207924,0.0007678546360676,-1.1816931842600598,0.24303080780766265
69,Firmicutes_F,Unannotated,0.6187253261744766,0.7471766582448577,,,31,True,-0.0051809523809523,0.4415696650880564,0.7958809872608967,5.855440865317502,3.9054832584784946e-07
0,Firmicutes,Pyridoxal phosphate biosynthesis,6.912724954875397,2.0258326279538603,,,50,True,0.2588677233877232,6.432399834309338,7.393050075441455,24.128521895744647,7.540779706220444e-29
1,Firmicutes,CRISPR-Cas system,-2.685636419606185,0.4532297245979393,,,50,True,0.2113510489510487,-2.7930972330552737,-2.5781756061570964,-41.89998186437854,4.8841308987912996e-40
2,Firmicutes,Aromatic amino acid biosynthesis,-4.957010050607599,0.9212697847698996,,,50,True,0.183346045066045,-5.175443209565264,-4.738576891649935,-38.046785850791395,4.803744601541966e-38
3,Firmicutes,NAD biosynthesis,3.414682068610091,0.5174824379317576,,,50,True,0.1447871950271948,3.2919869303441818,3.537377206876,46.65945487851934,2.845804177640126e-42
4,Firmicutes,Asparagine biosynthesis,-2.633396281021568,0.6217276047155078,,,50,True,0.1113194716394714,-2.7808079588539307,-2.485984603189205,-29.9502925998251,3.680928383547391e-33
5,Firmicutes,NADH dehydrogenase,-6.616853060991733,1.573952142413855,,,50,True,0.1066182128982127,-6.990037272825526,-6.243668849157942,-29.726581536123796,5.2161027149527923e-33
6,Firmicutes,RNA polymerase,4.332894410945462,0.7952222526575534,,,50,True,0.0745454856254855,4.144347134574291,4.521441687316633,38.52783306686716,2.6465823102660234e-38
7,Firmicutes,TCA cycle,2.84145708821038,0.6396532419918588,,,50,True,0.0678339704739703,2.689795239970463,2.993118936450297,31.410980881884033,3.997767275858766e-34
8,Firmicutes,Lipoate biosynthesis,-2.1029216149671885,0.7927588624274008,,,50,True,0.0560983372183371,-2.2908848212661472,-1.91495840866823,-18.757155608376948,5.236205994042343e-24
9,Firmicutes,Non-phosphorylated Entner-Doudoroff pathway,-4.8704786095116015,0.9359312902485426,,,50,True,0.0551769696969696,-5.092388012898117,-4.648569206125086,-36.79702226319539,2.3376045530850663e-37
10,Firmicutes,Urea cycle,1.722918985165229,0.7826329018460464,,,49,True,0.0531575757575755,1.537356645142177,1.9084813251882804,15.566527997631134,1.3358574177498313e-20
11,Firmicutes,Na+-translocating NADH dehydrogenase,-2.264286377661997,1.1291107587999467,,,50,True,0.0481578243978242,-2.531998652540695,-1.9965741027833,-14.180116872633572,5.714550959642314e-19
12,Firmicutes,Thymidylate biosynthesis,-1.8268167210822837,0.524078774329336,,,50,True,0.0474801243201241,-1.9510758513738624,-1.7025575907907045,-24.64809785733673,2.8699416373620634e-29
13,Firmicutes,Pyrimidine degradation,-1.52369756192505,0.7518024408511601,,,48,True,0.0391040559440558,-1.70194999653433,-1.3454451273157706,-14.331117059088086,3.7541551296168623e-19
14,Firmicutes,Proline degradation,-2.249459599595105,0.911451608353286,,,50,True,0.0378902874902873,-2.4655648679333897,-2.0333543312568216,-17.45137231972871,1.1439550802679732e-22
15,Firmicutes,Arginine biosynthesis,-1.5864515904132928,0.6651661542192794,,,49,True,0.0367420046620045,-1.7441625527174864,-1.428740628109099,-16.86481897026306,4.832006249829543e-22
16,Firmicutes,Pyrimidine salvage,-1.0956102384457151,0.5796748963979821,,,47,True,0.0354292463092462,-1.233051214891386,-0.9581692620000442,-13.364619271186923,5.800096122324262e-18
17,Firmicutes,Entner-Doudoroff pathway,-1.267754067006634,0.4890588954578366,,,49,True,0.0321595337995337,-1.3837099804830355,-1.1517981535302326,-18.32984750881605,1.410692326328585e-23
18,Firmicutes,Glycolysis,-0.8457750432236307,0.6502775136710571,,,42,True,0.0299863247863247,-0.9999559073510502,-0.6915941790962112,-9.196892954910016,3.005849250100429e-12
19,Firmicutes,Pyruvate oxidation,-0.8230222333459791,0.6012012170992088,,,46,True,0.0294304584304582,-0.9655671026026784,-0.6804773640892798,-9.680030341159547,5.858834686556113e-13
20,Firmicutes,Purine biosynthesis,-1.8915012465286325,0.589795242744962,,,50,True,0.0165632944832943,-2.031341758114673,-1.7516607349425914,-22.67724900286386,1.2332817801851726e-27
21,Firmicutes,2Fe2S,1.1467798636915267,0.5391666962777727,,,49,True,0.0161155555555553,1.0189433855830683,1.2746163417999852,15.039797964945127,5.419625242533546e-20
22,Firmicutes,23S rRNA modification,-0.7957630979175297,0.6842298997469729,,,39,True,0.0107046153846152,-0.957994076210546,-0.6335321196245135,-8.223690355589277,8.710154719541622e-11
23,Firmicutes,3D,-0.5916366195989187,0.5338827043803451,,,38,True,0.0090674747474746,-0.7182202626951554,-0.465052976502682,-7.835995852351924,3.406065337407703e-10
24,Firmicutes,Purine salvage,0.5932342793010723,0.4181287619361498,,,46,True,0.0080821445221443,0.4940959076420232,0.6923726509601213,10.032315877618558,1.8084911677879988e-13
25,Firmicutes,"Isoleucine, leucine, valine biosynthesis",1.763867511456105,0.992072956731192,,,48,True,0.007856752136752,1.5286469132798728,1.9990881096323376,12.572086256386083,5.973715754460998e-17
26,Firmicutes,Methionine biosynthesis,1.3372476565444786,0.5726210467859479,,,49,True,0.0075613053613052,1.201479148553804,1.4730161645351532,16.513135368946493,1.166239879857858e-21
27,Firmicutes,Unannotated,0.3716283372788473,0.4327910169939517,,,34,True,0.0074349028749027,0.269013543465653,0.4742431310920416,6.071773836623479,1.8141203593487797e-07
28,Firmicutes,Pentose phosphate pathway,-0.5113676444107701,0.5590941175983833,,,34,True,0.0045443978243976,-0.6439289161257273,-0.3788063726958128,-6.467453647973996,4.435567952353289e-08
29,Firmicutes,Ribosome 50S subunit,-0.7762297416443574,0.726162968793587,,,41,True,0.0039306604506602,-0.9484030548408564,-0.6040564284478585,-7.558596866861524,9.09092937769218e-10
30,Firmicutes,Glycine cleavage,1.8103512732275335,0.6772911538601663,,,50,True,0.0033032167832167,1.6497654722846442,1.9709370741704235,18.900463328555176,3.769929274437722e-24
31,Firmicutes,Histidine biosynthesis,0.5616333660528433,0.6096310110621888,,,34,True,0.0020513752913751,0.4170897917966569,0.7061769403090297,6.514346456631947,3.7524608167274225e-08
32,Firmicutes,Lysine biosynthesis,0.292744066478518,0.4170168125114395,,,32,True,0.0014376379176377,0.1938693381403027,0.3916187948167332,4.9638601693884254,8.756069445212866e-06
33,Firmicutes,Threonine biosynthesis,0.4360339514705986,0.5506931627472033,,,30,True,0.0011833100233098,0.3054645469988097,0.5666033559423875,5.598808642807906,9.652850108691368e-07
34,Firmicutes,Cobalamine/B12 biosynthesis,0.1048771989425932,0.3079273681659244,,,20,True,0.0010538616938615,0.0318675888696847,0.1778868090155016,2.4083399603570808,0.01983237812939598
35,Firmicutes,Na+-translocating Fd:NADH oxidoreductase,-0.3442823690457321,0.4275384710306605,,,33,True,0.0009000466200464,-0.4456517836808623,-0.2429129544106019,-5.694093380844512,6.903208488245074e-07
36,Firmicutes,FoF1-type ATP synthase,-1.0498973230691075,1.0089087413340818,,,36,True,0.0006228749028747,-1.2891096874740116,-0.8106849586642035,-7.3583416049117245,1.8512756626060045e-09
37,Firmicutes,Translation factors,-0.0191203519111452,0.3344546691324719,,,15,False,0.0005939393939392,-0.0984195877207654,0.0601788838984749,-0.4042440349274609,0.6877923470282021
38,Firmicutes,Thiamine biosynthesis,0.366803691834457,0.3687822877462097,,,38,True,0.0005467288267287,0.2793653741866481,0.4542420094822658,7.033130019489961,5.894539909884487e-09
39,Firmicutes,Isoprenoid biosynthesis,-0.1277197374592815,0.2847601562423928,,,15,True,0.000287832167832,-0.1952363992467292,-0.0602030756718339,-3.1714932889680236,0.002616663445249601
40,Firmicutes,16S rRNA modification,-0.4631158887575257,0.6847163532966877,,,29,True,-0.0001294483294484,-0.6254622052362797,-0.3007695722787716,-4.782599157140145,1.6235264508299798e-05
41,Firmicutes,Glutamine biosynthesis,0.0229493705113672,0.265467196256938,,,25,False,-0.0002588966588967,-0.0399929285161867,0.0858916695389211,0.6112866576872291,0.5438354679196478
42,Firmicutes,"TCA cycle, glyoxylate bypass",0.0358234039056727,0.2750280141190327,,,24,False,-0.0006624708624709,-0.0293857660020087,0.1010325738133541,0.9210324231160872,0.3615460574504342
43,Firmicutes,Biotin biosynthesis,-0.3037445203373528,0.5464187646703889,,,22,True,-0.0009396425796427,-0.433300464593691,-0.1741885760810147,-3.9306814473759335,0.000265917198343634
44,Firmicutes,Molybdopterin biosynthesis,-0.9349810268936862,0.516230661878359,,,44,True,-0.0010371095571096,-1.0573793689309865,-0.8125826848563862,-12.80689957453693,2.9685915891185246e-17
45,Firmicutes,Lysine biosynthesisTCA cycle,1.0427300728592228,0.5804499380832766,,,48,True,-0.0019645687645688,0.9051053339517394,1.1803548117667062,12.702585651066371,4.046560866053645e-17
46,Firmicutes,Mureine biosynthesis,0.2926815079454381,0.3883066758200091,,,34,True,-0.0022965656565657,0.2006139559146297,0.3847490599762465,5.329732705704345,2.4744163522471714e-06
47,Firmicutes,Pyrimidine salvagetRNA modification,0.0991235202498477,0.4208519986878133,,,10,False,-0.0023864180264181,-0.0006605311178917,0.1989075716175872,1.6654527853565593,0.10220424753847233
48,Firmicutes,Fatty acid biosynthesis,1.7194890831950709,0.4599134578750044,,,50,True,-0.0024427661227662,1.610443555911365,1.8285346104787767,26.43676478877733,1.1731319683423954e-30
49,Firmicutes,Gluconeogenesis,0.0511404635343436,0.3986181265664738,,,26,False,-0.0031341724941726,-0.0433719345092417,0.145652861577929,0.9071782276847202,0.3687524431466538
50,Firmicutes,Heme biosynthesis,-0.1346317763984278,0.3665457322367816,,,24,True,-0.0032544832944834,-0.2215398065092038,-0.047723746287652,-2.5971941201875053,0.012375183088248577
51,Firmicutes,Pyrimidine biosynthesis,-0.0820112725937685,0.3398530639080189,,,31,True,-0.0032788500388502,-0.1625904683495599,-0.001432076837977,-1.7063470406283385,0.09427476382192522
52,Firmicutes,Archaeal ribosomal proteins,1.7063811710229455,1.300638997019934,,,44,True,-0.0035849572649573,1.39799953354902,2.014762808496871,9.276930032729707,2.288486704967757e-12
53,Firmicutes,Ubiquinone biosynthesis,0.1816046060415056,0.4247492349167951,,,22,True,-0.0036032323232324,0.0808965195705055,0.2823126925125057,3.0232861620531297,0.003971052331028743
54,Firmicutes,Riboflavin/FAD biosynthesis,-0.0828034796273882,0.2935234578742,,,33,True,-0.003901724941725,-0.1523979211162646,-0.0132090381385119,-1.9947605678406264,0.051646855088466066
55,Firmicutes,tRNA modification,-1.6525495554093386,1.0277513150914093,,,48,True,-0.0060962548562549,-1.8962294959539876,-1.4088696148646898,-11.369764063720291,2.3962847103998092e-15
56,Firmicutes,Lipid A biosynthesis,-0.3810000347665594,0.5097575371487243,,,28,True,-0.0066429836829838,-0.5018635982770958,-0.2601364712560231,-5.285016671311002,2.890852332525969e-06
57,Firmicutes,Glycine cleavagePyruvate oxidation,0.4593627246755998,0.4210244951011466,,,37,True,-0.0082740326340327,0.359537774390848,0.5591876749603516,7.714954864191726,5.224600108987867e-10
58,Firmicutes,Unknown,0.3048756425445277,0.3659096069976893,,,34,True,-0.0092441336441338,0.2181184377921481,0.3916328472969072,5.891609024170902,3.436342756165208e-07
59,Firmicutes,Ribosome 30S subunit,0.4831189744514809,0.5720444842860248,,,34,True,-0.009431452991453,0.3474871694877336,0.6187507794152283,5.9718555521238565,2.5860647890899975e-07
60,Firmicutes,Folate biosynthesis,1.941611711426528,0.8952369337690843,,,50,True,-0.009490846930847,1.7293509440687922,2.153872478784263,15.335904449347108,2.456710885634032e-20
61,Firmicutes,Phospholipid biosynthesis,0.9557772481358384,0.810722465050364,,,43,True,-0.0104761771561772,0.7635548698418121,1.1479996264298646,8.336226052631764,5.875542098962991e-11
62,Firmicutes,Cysteine biosynthesis,1.058693872782769,0.704627696358246,,,47,True,-0.013371250971251,0.8916265748543604,1.2257611707111775,10.624186652247868,2.595985547701925e-14
63,Firmicutes,Serine biosynthesis,0.598361190598456,0.5451486473426462,,,37,True,-0.0139118881118881,0.4691063912887254,0.7276159899081867,7.761282313245605,4.4350026258128166e-10
64,Firmicutes,Menaquinone biosynthesis,0.4958562557346657,0.5285201025881295,,,35,True,-0.0139134110334111,0.3705440860646396,0.6211684254046919,6.634058368012357,2.4480916789983094e-08
65,Firmicutes,Aminoacyl-tRNA synthetases,0.9665422776117936,0.9455426956465052,,,38,True,-0.0151180419580421,0.7423540090352901,1.1907305461882969,7.228109338156209,2.942518416312183e-09
66,Firmicutes,Proline biosynthesis,-0.8428025271874953,0.6385377779116864,,,43,True,-0.0155992851592852,-0.9941998987814132,-0.6914051555935774,-9.33306380281013,1.890929816599572e-12
67,Firmicutes,A/V-type ATP synthase,1.2993522482746531,0.5327563763600195,,,49,True,-0.0203873504273505,1.1730356576657222,1.4256688388835843,17.245796140112482,1.8878153640218683e-22
68,Firmicutes,Pantothenate/CoA biosynthesis,2.5309815237228905,0.5878563707962914,,,50,True,-0.0277202175602176,2.39160071887158,2.670362328574201,30.444072521627714,1.7193929875363885e-33
69,Firmicutes,"Histidine biosynthesis, Purine biosynthesis",-1.2008462458289404,0.4987793438714871,,,48,True,-0.036445034965035,-1.3191068786053557,-1.082585613052525,-17.024091595237216,3.256044779885628e-22
0,Chloroflexota,CRISPR-Cas system,6.6057527544095445,0.6474029997602055,,,50,True,0.8383677130044841,6.452253437820528,6.759252070998561,72.14938097622046,2.057303170350269e-51
1,Chloroflexota,Pyrimidine salvage,5.324153900587689,0.8091637489759078,,,50,True,0.4149885650224212,5.132301094032246,5.516006707143132,46.52637160217684,3.263419646501433e-42
2,Chloroflexota,3D,5.604902822795634,1.047650951307254,,,50,True,0.367562780269058,5.356504676495631,5.8533009690956375,37.8300118846365,6.298662749973594e-38
3,Chloroflexota,Cobalamine/B12 biosynthesis,7.308493013445202,0.7177236280186192,,,50,True,0.2932560538116587,7.138320668798276,7.478665358092128,72.00382944516274,2.2692291069459797e-51
4,Chloroflexota,Ribosome 50S subunit,4.538401334339533,0.6444571653004988,,,50,True,0.2456921524663675,4.3856004753982525,4.691202193280814,49.79592953646808,1.2525716003919143e-43
5,Chloroflexota,Urea cycle,6.72013745072101,1.225679073441326,,,50,True,0.1728356502242149,6.429528818693681,7.010746082748339,38.76915960202186,1.96763699231901e-38
6,Chloroflexota,Glutamine biosynthesis,-3.3196917617525954,1.527773509787066,,,48,True,0.1235625560538114,-3.6819270151295176,-2.957456508375673,-15.364689472273568,2.276066171418689e-20
7,Chloroflexota,Arginine biosynthesis,-4.53296183802952,1.0442479928236443,,,50,True,0.1137217488789235,-4.78055314252958,-4.285370533529459,-30.694701608795224,1.1733436360870218e-33
8,Chloroflexota,Lysine biosynthesis,7.452578132028668,1.7265556794183872,,,50,True,0.0851316143497755,7.043211606168004,7.861944657889332,30.521856881298117,1.5266518424525073e-33
9,Chloroflexota,Mureine biosynthesis,-1.5418104678407634,0.9910240815032042,,,45,True,0.062394170403587,-1.7767823775945717,-1.3068385580869557,-11.00099036403771,7.717983743929615e-15
10,Chloroflexota,Cysteine biosynthesis,-1.3830280613088877,0.7466133771659191,,,47,True,0.0396049327354257,-1.5600501683946366,-1.206005954223139,-13.09845966643416,1.2580905601284765e-17
11,Chloroflexota,FoF1-type ATP synthase,-6.833058189762612,2.4484104354803837,,,50,True,0.0344946188340804,-7.413576551146264,-6.252539828378961,-19.734035242646836,5.787511364575306e-25
12,Chloroflexota,Riboflavin/FAD biosynthesis,1.047360861383997,0.9236589473292176,,,40,True,0.0190255605381163,0.8283612317423672,1.266360491025627,8.018067378391768,1.792851630032694e-10
13,Chloroflexota,Glycine cleavagePyruvate oxidation,3.998176802707779,0.986234763949791,,,50,True,0.0182313901345289,3.764340440629297,4.232013164786261,28.6659731832506,2.813566031926464e-32
14,Chloroflexota,Entner-Doudoroff pathway,1.7785432840898054,1.1013276019941474,,,46,True,0.0142087443946186,1.5174183984940663,2.0396681696855445,11.419127374421121,2.051721993477925e-15
15,Chloroflexota,Methionine biosynthesis,0.1185313178395193,0.3275024798850029,,,8,True,0.010669506726457,0.0408804468021959,0.1961821888768427,2.5591958466003706,0.013629627114781162
16,Chloroflexota,Proline biosynthesis,-0.0850721848610528,0.3157713689701659,,,6,True,0.0055937219730939,-0.1599416083163841,-0.0102027614057214,-1.9050213134202627,0.06265496298697765
17,Chloroflexota,Pyrimidine degradation,-0.6902275600111457,0.8470604747095156,,,32,True,0.0046269058295962,-0.8910656840631479,-0.4893894359591436,-5.7618623795792026,5.43583254683477e-07
18,Chloroflexota,Pyruvate oxidation,0.0893628984506083,0.2149553452159945,,,10,True,0.0044715246636769,0.0383969644032952,0.1403288324979213,2.939638994202045,0.005001242797056246
19,Chloroflexota,Purine salvage,-0.0224577998146016,0.1215992688884838,,,2,False,0.0038327354260088,-0.0512889987417302,0.006373399112527,-1.3059340475145504,0.19767280566658424
20,Chloroflexota,Heme biosynthesis,-0.1414796196656451,0.4311268662953706,,,6,True,0.0016746636771297,-0.2436998431802341,-0.039259396151056,-2.3204584609842374,0.024522385486113917
21,Chloroflexota,Unannotated,0.9624790800412848,0.8550560378048391,,,41,True,0.0015192825112106,0.7597452071723462,1.1652129529102233,7.959425513146534,2.2039620488358887e-10
22,Chloroflexota,Asparagine biosynthesis,-0.0564433397436069,0.2754760778536883,,,4,False,0.0013293721973091,-0.1217587456080006,0.0088720661207867,-1.4488179371683414,0.1537581091735377
23,Chloroflexota,tRNA modification,-0.3145404375625265,0.7059337557727711,,,12,True,0.001191255605381,-0.4819174023099467,-0.1471634728151064,-3.1506309839848172,0.0027766763723903274
24,Chloroflexota,Threonine biosynthesis,0.0401248505323909,0.1928786591009163,,,4,False,0.0009322869955155,-0.0056066990087182,0.0858564000735001,1.47100534801548,0.1476828692092803
25,Chloroflexota,Pyrimidine salvagetRNA modification,0.0,0.0,,,0,False,0.0,,,,
26,Chloroflexota,Glycolysis,0.0,0.0,,,0,False,0.0,,,,
27,Chloroflexota,Serine biosynthesis,0.0,0.0,,,0,False,0.0,,,,
28,Chloroflexota,Molybdopterin biosynthesis,0.0,0.0,,,0,False,0.0,,,,
29,Chloroflexota,Na+-translocating NADH dehydrogenase,0.0,0.0,,,0,False,0.0,,,,
30,Chloroflexota,Proline degradation,0.0,0.0,,,0,False,0.0,,,,
31,Chloroflexota,Phospholipid biosynthesis,0.0,0.0,,,0,False,0.0,,,,
32,Chloroflexota,23S rRNA modification,0.0,0.0,,,0,False,0.0,,,,
33,Chloroflexota,Pyridoxal phosphate biosynthesis,0.0,0.0,,,0,False,0.0,,,,
34,Chloroflexota,Archaeal ribosomal proteins,0.0,0.0,,,0,False,0.0,,,,
35,Chloroflexota,"TCA cycle, glyoxylate bypass",0.0,0.0,,,0,False,0.0,,,,
36,Chloroflexota,Aminoacyl-tRNA synthetases,0.0,0.0,,,0,False,0.0,,,,
37,Chloroflexota,Isoprenoid biosynthesis,0.0,0.0,,,0,False,0.0,,,,
38,Chloroflexota,NADH dehydrogenase,-0.0003740596160282,0.0026450009106162,,,1,False,0.0,-0.0010011895989095,0.000253070366853,-0.9999999999998354,0.32222340595075427
39,Chloroflexota,NAD biosynthesis,0.0,0.0,,,0,False,0.0,,,,
40,Chloroflexota,Thiamine biosynthesis,-0.0098993063258431,0.069998666320466,,,1,False,-6.905829596437485e-05,-0.0264959971757681,0.0066973845240817,-0.9999999999999919,0.32222340595067944
41,Chloroflexota,Histidine biosynthesis,-0.0173788256010575,0.1004504196055369,,,7,False,-0.0001726457399106,-0.0411956302285322,0.006437979026417,-1.2233582975385378,0.2270451243406297
42,Chloroflexota,TCA cycle,-0.6588257989593898,0.6445369255794151,,,37,True,-0.0003280269058298,-0.8116455690708525,-0.5060060288479271,-7.227827787306961,2.9454696347837885e-09
43,Chloroflexota,Menaquinone biosynthesis,-0.0194451282144823,0.1072560900998873,,,3,False,-0.0017782511210764,-0.0448755580031004,0.0059853015741358,-1.2819581628136139,0.20588984241778166
44,Chloroflexota,Pyrimidine biosynthesis,0.0096189177536639,0.0680160197129147,,,1,False,-0.003763677130045,-0.0065076873854913,0.0257455228928192,0.9999999999999922,0.32222340595067933
45,Chloroflexota,Lipoate biosynthesis,-0.0299297634678568,0.122190555009969,,,4,True,-0.0037982062780271,-0.0589011563940713,-0.0009583705416423,-1.7320110139203722,0.08956316210280287
46,Chloroflexota,RNA polymerase,0.0788227259416914,0.295537805232316,,,6,True,-0.0041434977578476,0.0087506824908868,0.148894769392496,1.8859206178771557,0.06524038953393958
47,Chloroflexota,Ubiquinone biosynthesis,-0.3182978121136292,0.9579633608299988,,,6,True,-0.004799551569507,-0.5454310216588236,-0.0911646025684349,-2.3494692029492983,0.022874651858504323
48,Chloroflexota,Lipid A biosynthesis,0.1236167012658498,0.3508790473263026,,,14,True,-0.0053347533632289,0.0404232437286714,0.2068101588030282,2.491177754814932,0.0161675403457978
49,Chloroflexota,Pantothenate/CoA biosynthesis,-1.972892382119649,0.9665558020636676,,,49,True,-0.0055419282511213,-2.202062860348628,-1.7437219038906704,-14.433161323635536,2.830600305054656e-19
50,Chloroflexota,Thymidylate biosynthesis,0.3769757638456579,0.5704831280407635,,,23,True,-0.0064396860986549,0.2417141566052581,0.5122373710860577,4.672567966623479,2.354042874078726e-05
51,Chloroflexota,Aromatic amino acid biosynthesis,-0.0652113947343466,0.1993872264528561,,,6,True,-0.0107903587443949,-0.1124861262515455,-0.0179366632171478,-2.312656645444234,0.024983229681089732
52,Chloroflexota,"Histidine biosynthesis, Purine biosynthesis",-0.7951767908291938,0.8452526126838352,,,31,True,-0.0143295964125562,-0.99558627061243,-0.5947673110459578,-6.652152180306806,2.295020721632848e-08
53,Chloroflexota,Unknown,-0.2380825352368869,0.5316509058332024,,,16,True,-0.0149511210762334,-0.3641370186723286,-0.1120280518014452,-3.1665473208260675,0.0026537936499764292
54,Chloroflexota,Pentose phosphate pathway,-0.179533570922785,0.4524956752046755,,,12,True,-0.0200269058295966,-0.2868203411866392,-0.0722468006589308,-2.805538536754296,0.007184864686132645
55,Chloroflexota,Translation factors,-0.677467260041174,1.0720217341980096,,,23,True,-0.0204757847533634,-0.9316437214244496,-0.4232907986578983,-4.468581917001527,4.653508743321406e-05
56,Chloroflexota,Purine biosynthesis,-0.4441672108718116,0.6344947656907935,,,24,True,-0.023497085201794,-0.5946059838600729,-0.2937284378835504,-4.949980106553468,9.182042088485882e-06
57,Chloroflexota,Na+-translocating Fd:NADH oxidoreductase,0.594344084945501,0.8333716797060242,,,24,True,-0.02962600896861,0.3967515755705104,0.7919365943204915,5.042944739510797,6.6754184474712055e-06
58,Chloroflexota,2Fe2S,-1.17694267960109,0.8144386559080674,,,44,True,-0.03832735426009,-1.370046167122573,-0.9838391920796072,-10.21837732991565,9.778961849247788e-14
59,Chloroflexota,Fatty acid biosynthesis,1.398181901021482,0.567105599232177,,,49,True,-0.0426262331838567,1.2637211062025102,1.5326426958404538,17.43350629729583,1.1946522242055618e-22
60,Chloroflexota,A/V-type ATP synthase,1.2896523838514695,0.8486655482184549,,,43,True,-0.0541589686098656,1.088433696708489,1.4908710709944497,10.745363092788502,1.7540360960764174e-14
61,Chloroflexota,Biotin biosynthesis,-1.0278551506893725,1.0667387231961718,,,38,True,-0.0545215246636774,-1.2807790096308698,-0.7749312917478755,-6.81332111908642,1.2912108485618745e-08
62,Chloroflexota,Ribosome 30S subunit,-2.757841257464879,1.7757828752572131,,,46,True,-0.0602706278026908,-3.1788795564276944,-2.336802958502064,-10.98156920961968,8.212300510773934e-15
63,Chloroflexota,16S rRNA modification,-12.489581249311886,1.7171652904590635,,,50,True,-0.0631365470852021,-12.896721313002471,-12.0824411856213,-51.43050377641747,2.649327000503077e-44
64,Chloroflexota,Non-phosphorylated Entner-Doudoroff pathway,-9.160570000084212,1.879949483894924,,,50,True,-0.0671937219730944,-9.606306212469129,-8.7148337876993,-34.455719273761325,5.2085548036646195e-36
65,Chloroflexota,Folate biosynthesis,-5.85177127159848,1.2751724465401058,,,50,True,-0.0707329596412558,-6.154114787383162,-5.549427755813798,-32.4491574400543,8.72904622770208e-35
66,Chloroflexota,Gluconeogenesis,-1.43026119792094,1.0211406097663522,,,44,True,-0.0713717488789239,-1.6723737395657636,-1.188148656276116,-9.904095305242032,2.7693842357741437e-13
67,Chloroflexota,Glycine cleavage,5.031981918285999,1.1827430467754056,,,50,True,-0.0848553811659196,4.751553422514925,5.312410414057074,30.08386772536054,2.9925998352147983e-33
68,Chloroflexota,"Isoleucine, leucine, valine biosynthesis",-1.611481463611777,1.152486611264835,,,42,True,-0.0950242152466369,-1.88473615546935,-1.3382267717542031,-9.887225235751234,2.929515778143081e-13
69,Chloroflexota,Lysine biosynthesisTCA cycle,-2.1259519345087896,1.0851846369802298,,,48,True,-0.1480782511210764,-2.3832493214703323,-1.868654547547247,-13.852712046781502,1.4347156827556745e-18
0,Coprothermobacterota,Thymidylate biosynthesis,-0.9195512677482072,0.6601218582930763,,,40,True,0.3888,-1.07606622697915,-0.7630363085172642,-9.850013734657509,3.3166234164057373e-13
1,Coprothermobacterota,Pentose phosphate pathway,0.2573483798227499,0.5156542942417118,,,14,True,0.1633777777777778,0.1350866946102747,0.379610065035225,3.5289686623794196,0.0009179545249462466
2,Coprothermobacterota,Na+-translocating Fd:NADH oxidoreductase,-0.1207396428862648,0.3491703709945463,,,7,True,0.024,-0.203527973092718,-0.0379513126798117,-2.445104949762574,0.018122230883406323
3,Coprothermobacterota,Ribosome 30S subunit,-0.3135672857265649,0.578773359468677,,,14,True,0.0199111111111112,-0.4507945076753007,-0.1763400637778292,-3.8309564610759086,0.0003636868706404203
4,Coprothermobacterota,Lipid A biosynthesis,0.0783494896160104,0.2425140107155007,,,7,True,0.0172444444444445,0.0208493931971199,0.135849586034901,2.2844641118479045,0.026713613044664408
5,Coprothermobacterota,Ubiquinone biosynthesis,-0.0166204412833326,0.0827764899402564,,,2,False,0.0119111111111112,-0.0362467554032443,0.0030058728365791,-1.4197783387818925,0.1620034036902873
6,Coprothermobacterota,Riboflavin/FAD biosynthesis,-0.0178193254124455,0.0906067804333286,,,2,False,0.0119111111111112,-0.0393022021986181,0.003663551373727,-1.3906427063239044,0.1706176435076718
7,Coprothermobacterota,Heme biosynthesis,0.0014116512835977,0.0099818819530264,,,1,False,0.0,-0.0009550539349899,0.0037783565021854,0.9999999999999879,0.32222340595068133
8,Coprothermobacterota,A/V-type ATP synthase,-0.006504287555015,0.0459922583693844,,,1,False,0.0,-0.0174090566566424,0.0044004815466122,-0.9999999999999861,0.3222234059506822
9,Coprothermobacterota,Translation factors,0.0,0.0,,,0,False,0.0,,,,
10,Coprothermobacterota,Cysteine biosynthesis,0.0,0.0,,,0,False,0.0,,,,
11,Coprothermobacterota,Molybdopterin biosynthesis,0.0,0.0,,,0,False,0.0,,,,
12,Coprothermobacterota,Purine biosynthesis,0.0,0.0,,,0,False,0.0,,,,
13,Coprothermobacterota,Pyrimidine salvagetRNA modification,0.0,0.0,,,0,False,0.0,,,,
14,Coprothermobacterota,Glycolysis,0.0,0.0,,,0,False,0.0,,,,
15,Coprothermobacterota,Pyrimidine salvage,-0.0099921398842701,0.0706550987073197,,,1,False,0.0,-0.0267444709193753,0.006760191150835,-0.9999999999999976,0.32222340595067667
16,Coprothermobacterota,Fatty acid biosynthesis,0.0,0.0,,,0,False,0.0,,,,
17,Coprothermobacterota,Thiamine biosynthesis,0.0,0.0,,,0,False,0.0,,,,
18,Coprothermobacterota,Na+-translocating NADH dehydrogenase,0.0,0.0,,,0,False,0.0,,,,
19,Coprothermobacterota,3D,0.0,0.0,,,0,False,0.0,,,,
20,Coprothermobacterota,Folate biosynthesis,-7.062518810708768e-05,0.0004993954943309,,,1,False,0.0,-0.0001890319102196,4.778153400546276e-05,-1.0000000000001443,0.3222234059506068
21,Coprothermobacterota,RNA polymerase,0.0,0.0,,,0,False,0.0,,,,
22,Coprothermobacterota,Glycine cleavage,0.0010211284474692,0.0072204684966797,,,1,False,0.0,-0.0006908453618943,0.0027331022568327,0.9999999999999898,0.32222340595068033
23,Coprothermobacterota,Biotin biosynthesis,0.0,0.0,,,0,False,0.0,,,,
24,Coprothermobacterota,Mureine biosynthesis,0.0,0.0,,,0,False,0.0,,,,
25,Coprothermobacterota,Pyrimidine degradation,0.0,0.0,,,0,False,0.0,,,,
26,Coprothermobacterota,Pyridoxal phosphate biosynthesis,0.0,0.0,,,0,False,0.0,,,,
27,Coprothermobacterota,"TCA cycle, glyoxylate bypass",0.0,0.0,,,0,False,0.0,,,,
28,Coprothermobacterota,"Histidine biosynthesis, Purine biosynthesis",0.0022050292134286,0.0134232431512972,,,2,False,0.0,-0.0009776230926241,0.0053876815194814,1.1615606541248749,0.25104103801827016
29,Coprothermobacterota,Histidine biosynthesis,0.0,0.0,,,0,False,0.0,,,,
30,Coprothermobacterota,Urea cycle,0.0,0.0,,,0,False,0.0,,,,
31,Coprothermobacterota,Ribosome 50S subunit,0.0,0.0,,,0,False,0.0,,,,
32,Coprothermobacterota,Unannotated,0.1951053146021025,0.3734498773060428,,,12,True,0.0,0.1065603109985322,0.2836503182056727,3.694211710441204,0.000555484187164599
33,Coprothermobacterota,Isoprenoid biosynthesis,0.0,0.0,,,0,False,0.0,,,,
34,Coprothermobacterota,Cobalamine/B12 biosynthesis,0.0,0.0,,,0,False,0.0,,,,
35,Coprothermobacterota,Lysine biosynthesisTCA cycle,0.0,0.0,,,0,False,0.0,,,,
36,Coprothermobacterota,Asparagine biosynthesis,0.0,0.0,,,0,False,0.0,,,,
37,Coprothermobacterota,Pyrimidine biosynthesis,0.0,0.0,,,0,False,0.0,,,,
38,Coprothermobacterota,Non-phosphorylated Entner-Doudoroff pathway,0.0,0.0,,,0,False,0.0,,,,
39,Coprothermobacterota,Phospholipid biosynthesis,0.0,0.0,,,0,False,0.0,,,,
40,Coprothermobacterota,CRISPR-Cas system,0.0,0.0,,,0,False,0.0,,,,
41,Coprothermobacterota,Proline degradation,0.0,0.0,,,0,False,0.0,,,,
42,Coprothermobacterota,Lysine biosynthesis,0.0,0.0,,,0,False,0.0,,,,
43,Coprothermobacterota,Arginine biosynthesis,0.0,0.0,,,0,False,0.0,,,,
44,Coprothermobacterota,16S rRNA modification,0.0,0.0,,,0,False,0.0,,,,
45,Coprothermobacterota,Glycine cleavagePyruvate oxidation,0.0,0.0,,,0,False,0.0,,,,
46,Coprothermobacterota,Serine biosynthesis,0.0,0.0,,,0,False,0.0,,,,
47,Coprothermobacterota,Purine salvage,0.0,0.0,,,0,False,0.0,,,,
48,Coprothermobacterota,Lipoate biosynthesis,0.0,0.0,,,0,False,0.0,,,,
49,Coprothermobacterota,Glutamine biosynthesis,0.0,0.0,,,0,False,0.0,,,,
50,Coprothermobacterota,tRNA modification,0.0,0.0,,,0,False,0.0,,,,
51,Coprothermobacterota,NADH dehydrogenase,0.0,0.0,,,0,False,0.0,,,,
52,Coprothermobacterota,Menaquinone biosynthesis,0.0,0.0,,,0,False,0.0,,,,
53,Coprothermobacterota,FoF1-type ATP synthase,0.0,0.0,,,0,False,0.0,,,,
54,Coprothermobacterota,Threonine biosynthesis,-0.1099827214689104,0.2972265054398031,,,12,True,0.0,-0.1804551559093598,-0.039510287028461,-2.616507166779862,0.011778838895177784
55,Coprothermobacterota,Aromatic amino acid biosynthesis,0.0,0.0,,,0,False,0.0,,,,
56,Coprothermobacterota,Pyruvate oxidation,0.0,0.0,,,0,False,0.0,,,,
57,Coprothermobacterota,Aminoacyl-tRNA synthetases,0.0013524174019493,0.0095630351591308,,,1,False,0.0,-0.0009149791995292,0.0036198140034279,0.9999999999999613,0.322223405950694
58,Coprothermobacterota,Entner-Doudoroff pathway,0.0,0.0,,,0,False,0.0,,,,
59,Coprothermobacterota,Methionine biosynthesis,0.0,0.0,,,0,False,0.0,,,,
60,Coprothermobacterota,2Fe2S,0.0,0.0,,,0,False,0.0,,,,
61,Coprothermobacterota,TCA cycle,0.0,0.0,,,0,False,0.0,,,,
62,Coprothermobacterota,Proline biosynthesis,0.0,0.0,,,0,False,0.0,,,,
63,Coprothermobacterota,Gluconeogenesis,0.2097099208575049,0.4772723882007261,,,13,True,-0.0015999999999998,0.0965485894414399,0.3228712522735698,3.1069743564983026,0.0031417869310007376
64,Coprothermobacterota,"Isoleucine, leucine, valine biosynthesis",0.0265750238789744,0.1879137959501725,,,1,False,-0.0174222222222219,-0.0179793561079629,0.0711294038659118,0.9999999999999988,0.3222234059506762
65,Coprothermobacterota,Pantothenate/CoA biosynthesis,0.0883564386773329,0.2341188064734168,,,10,True,-0.019733333333333,0.0328468460316137,0.1438660313230521,2.6686210258520813,0.010298408117646205
66,Coprothermobacterota,23S rRNA modification,0.0067283522754701,0.0411488985484593,,,2,False,-0.0264888888888887,-0.0030280557237495,0.0164847602746897,1.156206772969621,0.2532028383494202
67,Coprothermobacterota,Unknown,0.087512490734185,0.2562680763628563,,,8,True,-0.0455111111111108,0.0267513039620345,0.1482736775063355,2.4146852981035667,0.019527222885375978
68,Coprothermobacterota,Archaeal ribosomal proteins,0.1488498754283883,0.3730796707238843,,,11,True,-0.131022222222222,0.0603926478428147,0.2373071030139618,2.821187123114077,0.006890791582316058
69,Coprothermobacterota,NAD biosynthesis,0.2492108178144063,0.4891021671775086,,,16,True,-0.1637333333333332,0.1332446446089029,0.3651769910199096,3.6029008057463248,0.0007341683909095567
0,Proteobacteria,Pyrimidine salvagetRNA modification,6.23774775038629,0.6376166777456495,,,50,True,0.1744235402700866,6.086568771734711,6.388926729037869,69.17563306568282,1.586544455605159e-50
1,Proteobacteria,A/V-type ATP synthase,2.783893293221012,0.3878267450475386,,,50,True,0.1327349817027754,2.691939532824798,2.8758470536172256,50.75745422082826,4.993420134598442e-44
2,Proteobacteria,2Fe2S,2.1149829340470507,0.2349902673371473,,,50,True,0.1007195666958127,2.05926671794258,2.170699150151522,63.64173255792021,9.028768056975073e-49
3,Proteobacteria,Na+-translocating Fd:NADH oxidoreductase,2.6294368546994065,0.376110058212226,,,50,True,0.0822473957489988,2.5402611219344737,2.718612587464339,49.434802129398044,1.7771738533663621e-43
4,Proteobacteria,Ubiquinone biosynthesis,2.476921284412492,0.5461218054902849,,,50,True,0.0770406371104419,2.3474357492077305,2.606406819617254,32.070644663254036,1.5123393816662425e-34
5,Proteobacteria,Methionine biosynthesis,2.452483856967932,0.3920328906880048,,,50,True,0.0732038764208687,2.3595328190158145,2.545434894920049,44.23526717284246,3.6623464733833455e-41
6,Proteobacteria,Archaeal ribosomal proteins,3.352656815243264,0.4706335907399122,,,50,True,0.0707202521670607,3.2410695433752474,3.46424408711128,50.37223045050192,7.203325126678383e-44
7,Proteobacteria,Fatty acid biosynthesis,2.6266271252177105,0.3138664793325855,,,50,True,0.0648593434588773,2.55220935128772,2.7010448991477007,59.17503060025388,3.052695556894857e-47
8,Proteobacteria,NADH dehydrogenase,-4.308248955371542,0.4682289644660476,,,50,True,0.0569049245981627,-4.419266090107313,-4.19723182063577,-65.06201629062137,3.0997297714553765e-49
9,Proteobacteria,tRNA modification,-3.176811817163002,0.4759683310461479,,,50,True,0.0564293532821661,-3.289663956496091,-3.063959677829913,-47.19526556592945,1.6459269554458008e-42
10,Proteobacteria,Phospholipid biosynthesis,1.7506788059926297,0.3777983513667199,,,50,True,0.0560032168571955,1.661102778750358,1.8402548332349011,32.766602895927946,5.530234109030025e-35
11,Proteobacteria,Non-phosphorylated Entner-Doudoroff pathway,-5.526767365770004,0.5380657336990825,,,50,True,0.0556728844846012,-5.654342805539929,-5.399191926000079,-72.63080396348136,1.4895662475279087e-51
12,Proteobacteria,Molybdopterin biosynthesis,2.5014099341771177,0.394523070642143,,,50,True,0.0515609745566028,2.407868474306527,2.594951394047708,44.83296563886918,1.9270788558093387e-41
13,Proteobacteria,Pentose phosphate pathway,-4.2760810096203326,0.4428025470168322,,,50,True,0.0496391452659306,-4.381069538212469,-4.171092481028196,-68.28429283381287,2.9761730871063482e-50
14,Proteobacteria,Folate biosynthesis,1.851493226016484,0.4277742992196798,,,50,True,0.0458177132247374,1.7500678964939336,1.9529185555390336,30.605004036600217,1.344856704552538e-33
15,Proteobacteria,"Isoleucine, leucine, valine biosynthesis",1.7120823485305483,0.4792494366690415,,,50,True,0.0445335557066832,1.5984522587230916,1.825712438338005,25.26085470251205,9.39049400153219e-30
16,Proteobacteria,Proline degradation,-3.550792669059514,0.4427307283325195,,,50,True,0.0418924295907683,-3.655764169434352,-3.4458211686846765,-56.71143686673805,2.3814222823627852e-46
17,Proteobacteria,Thiamine biosynthesis,3.200240368058568,0.427361587569564,,,50,True,0.0417019711346439,3.0989128925099174,3.3015678436072187,52.95075017271644,6.515739022977285e-45
18,Proteobacteria,Arginine biosynthesis,2.026868814949588,0.2977059268510715,,,50,True,0.0410692811727496,1.956282709644136,2.097454920255039,48.14189286676061,6.346676626613804e-43
19,Proteobacteria,Ribosome 30S subunit,2.244179763482945,0.2679812808296937,,,50,True,0.0367297408163046,2.18064137474943,2.30771815221646,59.21587970798962,2.952548368050915e-47
20,Proteobacteria,Purine salvage,-2.607211694101572,0.600426011204373,,,50,True,0.0364986614419725,-2.74957276196236,-2.464850626240784,-30.70448372464949,1.1560403384531463e-33
21,Proteobacteria,Translation factors,-2.365545066452005,0.4378985483809506,,,50,True,0.0317628755248984,-2.469370856472587,-2.2617192764314225,-38.19818457665753,3.978961365501996e-38
22,Proteobacteria,Biotin biosynthesis,-2.529904328203885,0.2978510771300794,,,50,True,0.0288466001705583,-2.6005248486551404,-2.45928380775263,-60.060635786953995,1.4886005708401755e-47
23,Proteobacteria,RNA polymerase,2.5008388717535497,0.3348143221290551,,,50,True,0.0242782797370382,2.421454362182138,2.580223381324961,52.81614339634583,7.365723052960414e-45
24,Proteobacteria,Gluconeogenesis,1.407749677690957,0.4774034633815079,,,50,True,0.0234666278053046,1.2945572683362987,1.5209420870456154,20.85090326445692,5.1668779161379025e-26
25,Proteobacteria,Menaquinone biosynthesis,-1.8328464823683484,0.3211740017070069,,,50,True,0.022124604639615,-1.9089968705909013,-1.7566960941457952,-40.35252447795791,2.9341533620638614e-39
26,Proteobacteria,Pyrimidine degradation,1.1595088366726345,0.3746050736905679,,,50,True,0.0184392143527964,1.0706899358896929,1.2483277374555757,21.886958261921396,6.0172100930242226e-27
27,Proteobacteria,Serine biosynthesis,-1.039248730440373,0.2549367944682502,,,50,True,0.0176394421235576,-1.099694270140939,-0.9788031907398071,-28.82517708621372,2.177040496862693e-32
28,Proteobacteria,16S rRNA modification,-2.7788634139938897,0.7316502976112278,,,50,True,0.0171063883761349,-2.952337773406917,-2.6053890545808622,-26.85645274035526,5.693590289809907e-31
29,Proteobacteria,Pantothenate/CoA biosynthesis,1.231348560276099,0.2392347587439303,,,50,True,0.0162920539309348,1.1746259748306604,1.2880711457215377,36.39500052362741,3.93058553525015e-37
30,Proteobacteria,Glutamine biosynthesis,-1.137279254108181,0.2490393278084273,,,50,True,0.0148078575515184,-1.19632650386844,-1.0782320043479223,-32.2911999385609,1.0971380135934771e-34
31,Proteobacteria,Purine biosynthesis,-0.4342653764831241,0.2580328111576034,,,50,True,0.0140594362943534,-0.4954449820532333,-0.373085770913015,-11.900501768288304,4.590031694101148e-16
32,Proteobacteria,Aminoacyl-tRNA synthetases,0.823576773707056,0.5663364947806881,,,45,True,0.0139582672150438,0.6892983336311621,0.9578552137829498,10.282874702283024,7.909648611135977e-14
33,Proteobacteria,Entner-Doudoroff pathway,0.7624151771410467,0.2205456036403042,,,50,True,0.0137375346783684,0.7101237922570749,0.8147065620250185,24.444329559850544,4.1831632727085357e-29
34,Proteobacteria,NAD biosynthesis,-1.7160031574326196,0.517300677688272,,,50,True,0.0123100542979588,-1.8386552003264525,-1.5933511145387866,-23.456328620727835,2.7021099318370544e-28
35,Proteobacteria,Cobalamine/B12 biosynthesis,1.6954149766884654,0.2647991130203307,,,50,True,0.0121494867061758,1.6326310802637445,1.7581988731131866,45.27354390532275,1.206715002586162e-41
36,Proteobacteria,Glycolysis,-2.528862984616114,0.3480437209814168,,,50,True,0.0120517665727519,-2.6113841859907354,-2.446341783241493,-51.37791769583979,2.783022342179898e-44
37,Proteobacteria,Heme biosynthesis,-2.150518488449284,0.5447641375769029,,,50,True,0.0119302870343385,-2.279682120454746,-2.0213548564438213,-27.913845669307985,9.617186072819183e-32
38,Proteobacteria,Unknown,0.6547797732814302,0.2220994172354581,,,50,True,0.0107959670542009,0.6021199790372127,0.7074395675256477,20.846485039636196,5.215428109195149e-26
39,Proteobacteria,Glycine cleavage,0.6669198655614217,0.2142594382451575,,,50,True,0.0087308149011736,0.6161189311271358,0.7177207999957076,22.0099316655032,4.687672956282999e-27
40,Proteobacteria,3D,1.1662320022373047,0.2772535100329726,,,50,True,0.0083330364757064,1.1004951670237968,1.2319688374508126,29.74355697501145,5.0795214354595626e-33
41,Proteobacteria,FoF1-type ATP synthase,-1.3872567316478988,0.6234007363263184,,,50,True,0.0082215205587402,-1.5350651091540628,-1.2394483541417347,-15.735282059106273,8.586377393916769e-21
42,Proteobacteria,Pyrimidine salvage,0.4973283731262023,0.259614029774363,,,50,True,0.0080540550751861,0.4357738604624586,0.5588828857899462,13.545657198097167,3.4428104017030376e-18
43,Proteobacteria,Asparagine biosynthesis,1.9072539134870208,0.3101311606398725,,,50,True,0.0078360050519772,1.833721783996099,1.9807860429779436,43.48586491240391,8.289159044892792e-41
44,Proteobacteria,Lipid A biosynthesis,-1.4134656310992515,0.3003005575185493,,,50,True,0.0075826991374938,-1.4846669235978525,-1.342264338600651,-33.282360212157364,2.6570699264611057e-35
45,Proteobacteria,Ribosome 50S subunit,-0.586685418607537,0.3610248799727542,,,47,True,0.0057674039530642,-0.6722844540892626,-0.5010863831258113,-11.490876693926621,1.6382002835403058e-15
46,Proteobacteria,Histidine biosynthesis,1.1579647836050302,0.3682685720279024,,,50,True,0.0047913522674527,1.070648268005884,1.2452812992041764,22.23390245747856,2.983534424258457e-27
47,Proteobacteria,Mureine biosynthesis,-1.0086094676749662,0.3640404574018605,,,50,True,0.0022828189600268,-1.0949234968695114,-0.922295438480421,-19.59108059724896,7.945948972597166e-25
48,Proteobacteria,Threonine biosynthesis,-0.8716073843112185,0.2836318583983295,,,50,True,0.0008032211751245,-0.9388565265659536,-0.8043582420564835,-21.729558007308878,8.296986319318518e-27
49,Proteobacteria,Na+-translocating NADH dehydrogenase,0.1940982473769417,0.3288363470399843,,,41,True,0.0004575601541503,0.1161311163025378,0.2720653784513456,4.173753545558363,0.00012226525627833385
50,Proteobacteria,Lysine biosynthesis,-0.1978673717196829,0.28238243722979,,,41,True,0.0001191802411565,-0.2648202760892465,-0.1309144673501194,-4.954747246008503,9.033489835985893e-06
51,Proteobacteria,Riboflavin/FAD biosynthesis,-0.4177340901641356,0.3153974738629733,,,44,True,-0.0001889255912862,-0.4925148630518123,-0.3429533172764588,-9.365408171156885,1.6943059084955994e-12
52,Proteobacteria,Isoprenoid biosynthesis,-0.0080155767942183,0.1486541058257244,,,46,False,-0.0004974146399385,-0.0432614802899571,0.0272303267015204,-0.3812789882142946,0.7046445322789252
53,Proteobacteria,Proline biosynthesis,-0.854712090431683,0.292200511641999,,,50,True,-0.0008101190668953,-0.9239928612353724,-0.7854313196279935,-20.683492705407843,7.372523725855273e-26
54,Proteobacteria,Glycine cleavagePyruvate oxidation,-0.0667957678232543,0.2004022578966003,,,43,True,-0.0013182637607001,-0.1143111633982175,-0.0192803722482911,-2.3568467181021004,0.022471759398886584
55,Proteobacteria,Thymidylate biosynthesis,-0.1251192691457713,0.1801789199665741,,,39,True,-0.0016110409447627,-0.1678397092562749,-0.0823988290352678,-4.910268287016742,1.0516656403769417e-05
56,Proteobacteria,Pyridoxal phosphate biosynthesis,0.2607873378008095,0.4725270398398878,,,23,True,-0.001728688321081,0.1487511289600729,0.3728235466415461,3.902517305020752,0.0002906040522145322
57,Proteobacteria,"Histidine biosynthesis, Purine biosynthesis",-8.521917866829767,0.6688341337656784,,,50,True,-0.001736352645271,-8.680498507454642,-8.363337226204894,-90.0956695858657,4.179813165847435e-56
58,Proteobacteria,CRISPR-Cas system,-0.4048521665282359,0.308006233798517,,,44,True,-0.0027967118969739,-0.4778804756505924,-0.3318238574058794,-9.294412934429362,2.1563614793186627e-12
59,Proteobacteria,Unannotated,0.2360559144048079,0.1833182234776957,,,46,True,-0.0028748880037132,0.1925911451149506,0.2795206836946652,9.105299770436606,4.110059315363322e-12
60,Proteobacteria,Aromatic amino acid biosynthesis,-0.7409628172741077,0.1898022673628333,,,50,True,-0.0029507648131953,-0.7859649540236007,-0.6959606805246148,-27.604508627919962,1.6080129487195333e-31
61,Proteobacteria,23S rRNA modification,-0.906638920635296,0.5734456340881166,,,47,True,-0.0047840711594716,-1.042602938358545,-0.7706749029120472,-11.179621759407432,4.370225842932689e-15
62,Proteobacteria,Lipoate biosynthesis,-1.004148260354917,0.3844408401419933,,,49,True,-0.0048062976996229,-1.0952992223562683,-0.9129972983535658,-18.46942286234166,1.0186287998830348e-23
63,Proteobacteria,"TCA cycle, glyoxylate bypass",-0.7516459523921418,0.3546020534982038,,,49,True,-0.0048250752938888,-0.8357221350684612,-0.6675697697158226,-14.98846227044189,6.222877451084904e-20
64,Proteobacteria,TCA cycle,-0.863237990166342,0.2959322367780944,,,50,True,-0.0056064531450714,-0.9334035533764626,-0.7930724269562213,-20.626392152139136,8.32728624374138e-26
65,Proteobacteria,Pyruvate oxidation,0.6303603525938938,0.1980163002738557,,,50,True,-0.0068001716376823,0.5834106678121108,0.6773100373756766,22.50986809135611,1.7186109725672026e-27
66,Proteobacteria,Urea cycle,-0.4369873095960085,0.2472128323723287,,,48,True,-0.006873365933698,-0.4956014971040103,-0.3783731220880067,-12.499217251085947,7.432118801418271e-17
67,Proteobacteria,Cysteine biosynthesis,-1.033503209798098,0.2741387716819468,,,50,True,-0.0071469823072853,-1.0985015402341904,-0.9685048793620056,-26.657926696854183,8.005003520932479e-31
68,Proteobacteria,Pyrimidine biosynthesis,-0.9433619346654282,0.2808686077445578,,,50,True,-0.0090580815440913,-1.0099559099112445,-0.8767679594196122,-23.749810506479083,1.5419575266545571e-28
69,Proteobacteria,Lysine biosynthesisTCA cycle,-0.8469253400049237,0.2980645579713729,,,50,True,-0.0098394593952737,-0.9175964767851974,-0.77625420322465,-20.09184369829442,2.638402690970609e-25
0,Campylobacterota,Glycolysis,2.439236638907204,1.0235419989113013,,,48,True,0.095605462184874,2.1965547276537274,2.68191855016068,16.85129452552572,4.997330125872632e-22
1,Campylobacterota,Pyrimidine salvagetRNA modification,1.8023164643254157,1.1956229650367416,,,44,True,0.0285354341736695,1.5188341386345383,2.085798790016292,10.659131106013009,2.318034439296096e-14
2,Campylobacterota,Aminoacyl-tRNA synthetases,1.6965035890846525,1.1515211266928274,,,42,True,0.0273596638655462,1.4234778137165534,1.969529364452751,10.417604717286913,5.086389776683773e-14
3,Campylobacterota,Pyrimidine salvage,0.603837164736759,0.826870847418055,,,27,True,0.0160313725490196,0.40778600335341,0.799888326120108,5.163773221066851,4.401092058350995e-06
4,Campylobacterota,Phospholipid biosynthesis,-0.4844227970791429,0.6964344808405187,,,27,True,0.0146204481792718,-0.649547482781313,-0.3192981113769727,-4.918461882625497,1.0226514778624374e-05
5,Campylobacterota,Ribosome 30S subunit,0.569433066477456,0.754604272947207,,,26,True,0.0087211484593837,0.3905163171953996,0.7483498157595123,5.335909127117136,2.421768462880309e-06
6,Campylobacterota,Glycine cleavagePyruvate oxidation,0.5513813912681017,0.6797106725399247,,,28,True,0.0079952380952382,0.3902219222020264,0.712540860334177,5.736051183790214,5.954094989020062e-07
7,Campylobacterota,Na+-translocating NADH dehydrogenase,0.3983118710670065,0.6636422910351576,,,22,True,0.006809243697479,0.2409622168775798,0.5556615252564332,4.243988498973783,9.734716741032963e-05
8,Campylobacterota,Menaquinone biosynthesis,0.0717646214630173,0.2955471517037655,,,5,True,0.0064309523809524,0.0016903619628886,0.1418388809631459,1.716993386444423,0.09229592033135996
9,Campylobacterota,Gluconeogenesis,0.2038339825005174,0.4832659156041258,,,19,True,0.0059504201680673,0.0892515851321474,0.3184163798688874,2.9824654834636433,0.004446124619465284
10,Campylobacterota,Mureine biosynthesis,0.8545613659696973,0.9393372369884812,,,34,True,0.0058481792717087,0.6318444122673619,1.0772783196720328,6.432898782491489,5.017177392239765e-08
11,Campylobacterota,Pyrimidine degradation,-0.3738034224673424,0.7020829434790598,,,17,True,0.0057766106442578,-0.5402673592312404,-0.2073394857034445,-3.76478217157089,0.00044680261483268384
12,Campylobacterota,Pantothenate/CoA biosynthesis,0.6085608742803986,0.6047876019086279,,,37,True,0.0044065826330532,0.4651656728233929,0.7519560757374043,7.115184233447577,4.3996493307657764e-09
13,Campylobacterota,Lipid A biosynthesis,0.3471112435819165,0.7242252190476736,,,18,True,0.0040282913165266,0.175397371045761,0.5188251161180719,3.389066104127364,0.0013923517827369122
14,Campylobacterota,Molybdopterin biosynthesis,0.0673477817197814,0.2575800247399601,,,5,True,0.0036806722689076,0.0062755318549976,0.1284200315845652,1.8488263288275435,0.07052095734385237
15,Campylobacterota,Pentose phosphate pathway,-0.0179556091704735,0.1635249390964201,,,4,False,0.0026378151260505,-0.0567273887356876,0.0208161703947405,-0.7764279304999983,0.44122826659283587
16,Campylobacterota,tRNA modification,0.0665891897688303,0.3466911271570766,,,4,False,0.002249299719888,-0.0156113114735153,0.1487896910111759,1.3581445832019952,0.18063869368368055
17,Campylobacterota,Ribosome 50S subunit,-0.1049503452425905,0.3183904557355732,,,11,True,0.0021675070028012,-0.1804407544343585,-0.0294599360508226,-2.330820521534044,0.023922053600882034
18,Campylobacterota,NADH dehydrogenase,-0.0104874639695788,0.071491249930998,,,2,False,0.0021572829131653,-0.0274380465442153,0.0064631186050577,-1.0372957386388273,0.3046899955397474
19,Campylobacterota,2Fe2S,0.0353764764661592,0.1849222350037538,,,8,False,0.0019732492997198,-0.008468604118428,0.0792215570507464,1.3527278860327259,0.18235193800696795
20,Campylobacterota,Unannotated,0.6858106917933767,0.659650252792992,,,35,True,0.0019528011204482,0.5294075502741054,0.842213833312648,7.351492532960733,1.896916061355244e-09
21,Campylobacterota,NAD biosynthesis,0.0135941324705051,0.0773039866143932,,,3,False,0.0018812324929973,-0.0047346505584752,0.0319229154994854,1.2434679859644708,0.21961200298157066
22,Campylobacterota,16S rRNA modification,0.1726258854021286,0.4008901982429744,,,10,True,0.0016358543417367,0.0775747789347125,0.2676769918695447,3.044847060645643,0.0037397214303015844
23,Campylobacterota,23S rRNA modification,-0.0722006089010802,0.287980261249847,,,4,True,0.0015847338935574,-0.1404807579108178,-0.0039204598913426,-1.7728138705818588,0.08247572232813208
24,Campylobacterota,Lysine biosynthesis,-0.0663867828905248,0.4125057133190311,,,14,False,0.0013291316526611,-0.1641919291548904,0.0314183633738408,-1.1379853138359781,0.26066038267836716
25,Campylobacterota,Aromatic amino acid biosynthesis,0.0501447713122416,0.1832650079299614,,,8,True,0.0012575630252101,0.0066926194341235,0.0935969231903598,1.9347778518355017,0.05880137491192327
26,Campylobacterota,Purine salvage,-0.4161738739422542,0.7505310394850145,,,21,True,0.0012268907563026,-0.5941248591592914,-0.2382228887252171,-3.920948674143664,0.0002742100638816213
27,Campylobacterota,Pyruvate oxidation,-0.0232841858595201,0.0952386496807547,,,3,True,0.0009303921568627,-0.045865279311777,-0.0007030924072633,-1.7287525359572187,0.09015033320200305
28,Campylobacterota,"Isoleucine, leucine, valine biosynthesis",-0.0252587428774099,0.222489904196533,,,2,False,0.0008588235294118,-0.0780111216195122,0.0274936358646923,-0.802761295500718,0.4259894085341839
29,Campylobacterota,Arginine biosynthesis,-0.0312728835034725,0.2145354920171638,,,2,False,0.0005112044817927,-0.0821392703149647,0.0195935033080196,-1.0307510325980542,0.30771864774055735
30,Campylobacterota,RNA polymerase,0.0938449835383062,0.2580678951888285,,,8,True,2.044817927178884e-05,0.0326570595408523,0.1550329075357601,2.571355270353243,0.013216138547280985
31,Campylobacterota,A/V-type ATP synthase,-0.0172432914123416,0.1502268437670441,,,4,False,1.0224089635912923e-05,-0.0528620912327123,0.0183755084080289,-0.8116291324438584,0.4209297603596389
32,Campylobacterota,Thymidylate biosynthesis,-0.1386210543468876,0.4114962610489561,,,10,True,1.0224089635912923e-05,-0.2361868593761291,-0.0410552493176462,-2.382035921639921,0.021143641107599746
33,Campylobacterota,Glutamine biosynthesis,0.0,0.0,,,0,False,0.0,,,,
34,Campylobacterota,TCA cycle,0.0,0.0,,,0,False,0.0,,,,
35,Campylobacterota,Pyridoxal phosphate biosynthesis,0.0,0.0,,,0,False,0.0,,,,
36,Campylobacterota,"TCA cycle, glyoxylate bypass",0.0003352414131091,0.0023705147654406,,,1,False,0.0,-0.0002268078770456,0.0008972907032639,0.9999999999997695,0.3222234059507859
37,Campylobacterota,Pyrimidine biosynthesis,0.0,0.0,,,0,False,0.0,,,,
38,Campylobacterota,"Histidine biosynthesis, Purine biosynthesis",0.0,0.0,,,0,False,0.0,,,,
39,Campylobacterota,Isoprenoid biosynthesis,0.0,0.0,,,0,False,0.0,,,,
40,Campylobacterota,Fatty acid biosynthesis,0.0063030362225584,0.0445691965503553,,,1,False,0.0,-0.0042643247781398,0.0168703972232567,0.9999999999999901,0.32222340595068033
41,Campylobacterota,Proline biosynthesis,-0.0151787904577286,0.1074063725446296,,,5,False,0.0,-0.040644852229164,0.0102872713137067,-0.9992913277477792,0.3225630121490469
42,Campylobacterota,Cobalamine/B12 biosynthesis,3.6576596204391354,1.2226853688423598,,,50,True,0.0,3.3677607960743914,3.9475584448038776,21.15307818996388,2.7356439543442514e-26
43,Campylobacterota,Histidine biosynthesis,0.0,0.0,,,0,False,0.0,,,,
44,Campylobacterota,Entner-Doudoroff pathway,-0.0816332575530993,0.284324736704738,,,6,True,-0.0001840336134453,-0.1490466813242198,-0.0142198337819789,-2.0301937374548022,0.04778361093887293
45,Campylobacterota,Proline degradation,0.0145866092811837,0.1548741054599726,,,3,False,-0.0003169467787114,-0.0221340567556533,0.0513072753180208,0.6659790096356273,0.5085478411615887
46,Campylobacterota,Glycine cleavage,0.0204682931592932,0.1259516498720107,,,4,False,-0.0003476190476189,-0.0093948557383388,0.0503314420569254,1.1491130848192828,0.25608768173062557
47,Campylobacterota,Riboflavin/FAD biosynthesis,0.1823066436821978,0.4214849969984696,,,15,True,-0.0009099439775909,0.0823725083511097,0.2822407790132858,3.058478117158457,0.0036000496844302023
48,Campylobacterota,Purine biosynthesis,-1.3718941862516976,0.7040754720727308,,,48,True,-0.0009406162464985,-1.5388305517462717,-1.2049578207571237,-13.778007055311356,1.773319400181549e-18
49,Campylobacterota,Cysteine biosynthesis,-0.0107155209076237,0.0738011575241849,,,2,False,-0.0009610644257703,-0.0282137828057563,0.0067827409905087,-1.0266800348278997,0.30961288564924794
50,Campylobacterota,Lysine biosynthesisTCA cycle,-0.3429250342524826,0.5870713831856499,,,19,True,-0.0012780112044817,-0.4821197184620769,-0.2037303500428884,-4.130411123818626,0.00014062589783030477
51,Campylobacterota,3D,0.0238303960777648,0.1294743893279511,,,2,False,-0.002239075630252,-0.0068679947004398,0.0545287868559694,1.3014646952508202,0.19918549969234925
52,Campylobacterota,Threonine biosynthesis,-0.162800683002594,0.3734973858110457,,,10,True,-0.0028116246498599,-0.2513569508774957,-0.0742444151276923,-3.082149201204162,0.0033690553406936726
53,Campylobacterota,Asparagine biosynthesis,-0.2192203910320983,0.4989838657610667,,,13,True,-0.004631512605042,-0.3375295159691764,-0.1009112660950203,-3.106557861079006,0.0031454781246856535
54,Campylobacterota,Translation factors,-0.2082938544102936,0.4258433728897817,,,14,True,-0.0048155462184873,-0.3092613611051261,-0.1073263477154611,-3.458689422205078,0.0011328059047165495
55,Campylobacterota,Heme biosynthesis,1.0003176201549608,0.928798910765686,,,36,True,-0.0061651260504201,0.7800993046637401,1.2205359356461816,7.615549117826268,7.428844491592191e-10
56,Campylobacterota,Na+-translocating Fd:NADH oxidoreductase,-0.1685325156628279,0.4721263419400184,,,15,True,-0.0066456582633053,-0.2804737189910609,-0.056591312334595,-2.524122763113136,0.014889129378297042
57,Campylobacterota,Ubiquinone biosynthesis,-0.052222607732702,0.2590663523783055,,,3,False,-0.0068296918767506,-0.1136472660305605,0.0092020505651564,-1.4253861885203631,0.16038489102127515
58,Campylobacterota,Unknown,-0.7955036857959668,0.5885493468218662,,,44,True,-0.0071159663865545,-0.9350487953328868,-0.6559585762590467,-9.557500211710744,8.847911398378089e-13
59,Campylobacterota,Archaeal ribosomal proteins,-1.056645716380794,0.8666192496473821,,,42,True,-0.0087927170868347,-1.2621212279447367,-0.8511702048168511,-8.621564218295275,2.175851268110072e-11
60,Campylobacterota,Serine biosynthesis,-0.3295579723469125,0.6061616166035334,,,16,True,-0.0092732492997198,-0.4732789528267671,-0.185836991867058,-3.8443984352939995,0.00034872795839592947
61,Campylobacterota,CRISPR-Cas system,-2.194659340230889,1.330116981743232,,,46,True,-0.0115225490196078,-2.5100302108580803,-1.8792884696036976,-11.667082844381197,9.452055186483496e-16
62,Campylobacterota,Methionine biosynthesis,-0.3934184390623732,0.7060165695410894,,,22,True,-0.013822969187675,-0.5608150389626205,-0.226021839162126,-3.9402594514977647,0.0002579929931940154
63,Campylobacterota,Non-phosphorylated Entner-Doudoroff pathway,-0.4653068837582602,0.8843595546659708,,,16,True,-0.0151214285714285,-0.6749886234327349,-0.2556251440837855,-3.7204511570242524,0.0005123991777570105
64,Campylobacterota,Folate biosynthesis,-1.328011578691498,1.4752796447301704,,,33,True,-0.0205810924369747,-1.6778005313649418,-0.9782226260180542,-6.36520673311915,6.386279242979506e-08
65,Campylobacterota,Biotin biosynthesis,1.7945329393992475,0.9732325860197936,,,49,True,-0.021828431372549,1.563779395020348,2.0252864837781472,13.038264734859878,1.5007328625724024e-17
66,Campylobacterota,FoF1-type ATP synthase,-1.3763258292711404,1.2695157799382972,,,36,True,-0.0265621848739495,-1.677328148833576,-1.075323509708705,-7.665988421562772,6.213333944386094e-10
67,Campylobacterota,Lipoate biosynthesis,-1.6525441497672115,1.326581752161705,,,44,True,-0.032144537815126,-1.967076817103793,-1.3380114824306302,-8.808542501104105,1.1394070855975714e-11
68,Campylobacterota,Urea cycle,-3.152729236324862,0.9480449938513889,,,50,True,-0.0529505602240896,-3.3775108000583134,-2.92794767259141,-23.514877845553524,2.414877268897881e-28
69,Campylobacterota,Thiamine biosynthesis,-5.257889241282045,0.8707626149138453,,,50,True,-0.0941843137254902,-5.464347145168878,-5.051431337395211,-42.69693109879527,1.9875100833118385e-40
0,Dictyoglomota,Na+-translocating Fd:NADH oxidoreductase,2.3632948195638783,0.3000452783991379,,,50,True,2.8254,2.2921540537702567,2.4344355853575,55.694987162359496,5.700913112884406e-46
1,Dictyoglomota,Menaquinone biosynthesis,0.0333605710414622,0.1832565022010105,,,3,False,0.0061999999999999,-0.0100895641274631,0.0768107062103876,1.2872386913616107,0.20405847059038174
2,Dictyoglomota,Riboflavin/FAD biosynthesis,-0.3444567783107082,0.5429879678983429,,,19,True,0.0015999999999999,-0.4731992803061055,-0.2157142763153109,-4.485692836103015,4.3966550098668974e-05
3,Dictyoglomota,Aminoacyl-tRNA synthetases,-0.0365305466879924,0.1764772702177131,,,5,False,0.0004,-0.0783733252694136,0.0053122318934287,-1.4637010903253724,0.14966165724937391
4,Dictyoglomota,Pyrimidine salvage,0.0,0.0,,,0,False,0.0,,,,
5,Dictyoglomota,Fatty acid biosynthesis,0.0,0.0,,,0,False,0.0,,,,
6,Dictyoglomota,Glycolysis,-0.0008025491947305,0.0056748797782974,,,1,False,0.0,-0.002148063762961,0.0005429653734999,-0.9999999999999992,0.3222234059506759
7,Dictyoglomota,Pyrimidine salvagetRNA modification,0.0,0.0,,,0,False,0.0,,,,
8,Dictyoglomota,Molybdopterin biosynthesis,0.0,0.0,,,0,False,0.0,,,,
9,Dictyoglomota,Folate biosynthesis,0.0,0.0,,,0,False,0.0,,,,
10,Dictyoglomota,Purine biosynthesis,-0.0099773751656076,0.0645593646671817,,,2,False,0.0,-0.0252844070445207,0.0053296567133055,-1.0928034491067073,0.2798238179859944
11,Dictyoglomota,Heme biosynthesis,0.0,0.0,,,0,False,0.0,,,,
12,Dictyoglomota,Cysteine biosynthesis,0.0,0.0,,,0,False,0.0,,,,
13,Dictyoglomota,Translation factors,0.0,0.0,,,0,False,0.0,,,,
14,Dictyoglomota,A/V-type ATP synthase,0.0,0.0,,,0,False,0.0,,,,
15,Dictyoglomota,Na+-translocating NADH dehydrogenase,0.0,0.0,,,0,False,0.0,,,,
16,Dictyoglomota,Archaeal ribosomal proteins,0.0,0.0,,,0,False,0.0,,,,
17,Dictyoglomota,Pentose phosphate pathway,0.0,0.0,,,0,False,0.0,,,,
18,Dictyoglomota,3D,0.0,0.0,,,0,False,0.0,,,,
19,Dictyoglomota,Ribosome 30S subunit,0.0,0.0,,,0,False,0.0,,,,
20,Dictyoglomota,"TCA cycle, glyoxylate bypass",0.0,0.0,,,0,False,0.0,,,,
21,Dictyoglomota,Isoprenoid biosynthesis,0.0,0.0,,,0,False,0.0,,,,
22,Dictyoglomota,Unannotated,0.0,0.0,,,0,False,0.0,,,,
23,Dictyoglomota,Ribosome 50S subunit,0.0069499471988414,0.0491435479318922,,,1,False,0.0,-0.0047019929761332,0.018601887373816,0.9999999999999969,0.322223405950677
24,Dictyoglomota,Urea cycle,0.0,0.0,,,0,False,0.0,,,,
25,Dictyoglomota,Histidine biosynthesis,0.0,0.0,,,0,False,0.0,,,,
26,Dictyoglomota,"Histidine biosynthesis, Purine biosynthesis",0.0,0.0,,,0,False,0.0,,,,
27,Dictyoglomota,Pyridoxal phosphate biosynthesis,0.0,0.0,,,0,False,0.0,,,,
28,Dictyoglomota,Cobalamine/B12 biosynthesis,0.0,0.0,,,0,False,0.0,,,,
29,Dictyoglomota,23S rRNA modification,0.0,0.0,,,0,False,0.0,,,,
30,Dictyoglomota,Pyrimidine degradation,0.0,0.0,,,0,False,0.0,,,,
31,Dictyoglomota,Lipid A biosynthesis,0.0,0.0,,,0,False,0.0,,,,
32,Dictyoglomota,Mureine biosynthesis,0.0,0.0,,,0,False,0.0,,,,
33,Dictyoglomota,Biotin biosynthesis,0.0,0.0,,,0,False,0.0,,,,
34,Dictyoglomota,Glycine cleavage,0.0,0.0,,,0,False,0.0,,,,
35,Dictyoglomota,Thiamine biosynthesis,0.0,0.0,,,0,False,0.0,,,,
36,Dictyoglomota,Lysine biosynthesisTCA cycle,-0.5219783151190162,0.5004110620417853,,,31,True,0.0,-0.6406258284383072,-0.4033308017997252,-7.375824282281051,1.7397077638669957e-09
37,Dictyoglomota,RNA polymerase,0.0,0.0,,,0,False,0.0,,,,
38,Dictyoglomota,tRNA modification,0.0,0.0,,,0,False,0.0,,,,
39,Dictyoglomota,Non-phosphorylated Entner-Doudoroff pathway,0.0,0.0,,,0,False,0.0,,,,
40,Dictyoglomota,Phospholipid biosynthesis,0.0,0.0,,,0,False,0.0,,,,
41,Dictyoglomota,CRISPR-Cas system,0.0,0.0,,,0,False,0.0,,,,
42,Dictyoglomota,Gluconeogenesis,0.0,0.0,,,0,False,0.0,,,,
43,Dictyoglomota,Proline degradation,0.0,0.0,,,0,False,0.0,,,,
44,Dictyoglomota,Thymidylate biosynthesis,0.0,0.0,,,0,False,0.0,,,,
45,Dictyoglomota,Lysine biosynthesis,-0.0226371062380865,0.1002971202902119,,,3,False,0.0,-0.0464175635824243,0.0011433511062512,-1.5959432614889728,0.11693163466353687
46,Dictyoglomota,Arginine biosynthesis,-0.0103227402762436,0.0729927964975939,,,1,False,0.0,-0.0276293396933792,0.0069838591408919,-0.9999999999999938,0.32222340595067855
47,Dictyoglomota,16S rRNA modification,0.0,0.0,,,0,False,0.0,,,,
48,Dictyoglomota,Glycine cleavagePyruvate oxidation,-0.0187519762443607,0.1325964956303651,,,1,False,0.0,-0.0501906187419987,0.0126866662532773,-0.9999999999999991,0.3222234059506759
49,Dictyoglomota,Serine biosynthesis,0.0,0.0,,,0,False,0.0,,,,
50,Dictyoglomota,Purine salvage,0.0,0.0,,,0,False,0.0,,,,
51,Dictyoglomota,Lipoate biosynthesis,0.0,0.0,,,0,False,0.0,,,,
52,Dictyoglomota,Glutamine biosynthesis,0.0,0.0,,,0,False,0.0,,,,
53,Dictyoglomota,Pyrimidine biosynthesis,0.0,0.0,,,0,False,0.0,,,,
54,Dictyoglomota,Asparagine biosynthesis,0.0,0.0,,,0,False,0.0,,,,
55,Dictyoglomota,Pantothenate/CoA biosynthesis,0.0,0.0,,,0,False,0.0,,,,
56,Dictyoglomota,Ubiquinone biosynthesis,0.0,0.0,,,0,False,0.0,,,,
57,Dictyoglomota,Methionine biosynthesis,0.0,0.0,,,0,False,0.0,,,,
58,Dictyoglomota,Threonine biosynthesis,0.0,0.0,,,0,False,0.0,,,,
59,Dictyoglomota,Unknown,0.0,0.0,,,0,False,0.0,,,,
60,Dictyoglomota,"Isoleucine, leucine, valine biosynthesis",0.0,0.0,,,0,False,0.0,,,,
61,Dictyoglomota,Pyruvate oxidation,0.0,0.0,,,0,False,0.0,,,,
62,Dictyoglomota,NAD biosynthesis,0.0,0.0,,,0,False,0.0,,,,
63,Dictyoglomota,2Fe2S,0.0,0.0,,,0,False,0.0,,,,
64,Dictyoglomota,TCA cycle,0.0,0.0,,,0,False,0.0,,,,
65,Dictyoglomota,Proline biosynthesis,0.0,0.0,,,0,False,0.0,,,,
66,Dictyoglomota,Entner-Doudoroff pathway,0.0,0.0,,,0,False,0.0,,,,
67,Dictyoglomota,Aromatic amino acid biosynthesis,0.0,0.0,,,0,False,0.0,,,,
68,Dictyoglomota,NADH dehydrogenase,0.0,0.0,,,0,False,0.0,,,,
69,Dictyoglomota,FoF1-type ATP synthase,0.0,0.0,,,0,False,0.0,,,,
0,Aquificota,"Histidine biosynthesis, Purine biosynthesis",5.045757042575539,1.0932355440670736,,,50,True,1.893548148148148,4.786550784731084,5.304963300419994,32.636050303959394,6.668857750405999e-35
1,Aquificota,Pyruvate oxidation,-2.9536231811297617,1.4431118996151364,,,48,True,0.0379703703703703,-3.295785158189567,-2.6114612040699563,-14.47238416510616,2.540308538985125e-19
2,Aquificota,Pyrimidine salvage,-0.1600887089852155,0.5537231863923062,,,8,True,0.0026074074074074,-0.2913765323690949,-0.0288008856013362,-2.044339382867109,0.04631270485130158
3,Aquificota,3D,-0.0024322984619635,0.0121343995929872,,,2,False,0.0,-0.0053093658302511,0.000444768906324,-1.4173711052980114,0.16270205516441288
4,Aquificota,Pyrimidine salvagetRNA modification,0.0,0.0,,,0,False,0.0,,,,
5,Aquificota,A/V-type ATP synthase,0.0,0.0,,,0,False,0.0,,,,
6,Aquificota,Translation factors,0.0,0.0,,,0,False,0.0,,,,
7,Aquificota,Cysteine biosynthesis,0.0,0.0,,,0,False,0.0,,,,
8,Aquificota,Purine biosynthesis,-0.0018365637804095,0.0129864670320922,,,1,False,0.0,-0.0049156564245127,0.0012425288636935,-0.999999999999953,0.322223405950698
9,Aquificota,Molybdopterin biosynthesis,0.0,0.0,,,0,False,0.0,,,,
10,Aquificota,Glycolysis,0.0,0.0,,,0,False,0.0,,,,
11,Aquificota,Pentose phosphate pathway,0.0,0.0,,,0,False,0.0,,,,
12,Aquificota,Riboflavin/FAD biosynthesis,0.0,0.0,,,0,False,0.0,,,,
13,Aquificota,Fatty acid biosynthesis,0.0,0.0,,,0,False,0.0,,,,
14,Aquificota,Archaeal ribosomal proteins,0.0,0.0,,,0,False,0.0,,,,
15,Aquificota,Thiamine biosynthesis,0.0,0.0,,,0,False,0.0,,,,
16,Aquificota,Na+-translocating NADH dehydrogenase,0.0,0.0,,,0,False,0.0,,,,
17,Aquificota,Folate biosynthesis,0.0,0.0,,,0,False,0.0,,,,
18,Aquificota,Asparagine biosynthesis,0.0,0.0,,,0,False,0.0,,,,
19,Aquificota,Cobalamine/B12 biosynthesis,0.0,0.0,,,0,False,0.0,,,,
20,Aquificota,Glycine cleavage,0.0,0.0,,,0,False,0.0,,,,
21,Aquificota,Biotin biosynthesis,0.0,0.0,,,0,False,0.0,,,,
22,Aquificota,Mureine biosynthesis,0.0,0.0,,,0,False,0.0,,,,
23,Aquificota,Lipid A biosynthesis,0.0,0.0,,,0,False,0.0,,,,
24,Aquificota,Pyrimidine degradation,0.0,0.0,,,0,False,0.0,,,,
25,Aquificota,23S rRNA modification,0.0,0.0,,,0,False,0.0,,,,
26,Aquificota,Pyridoxal phosphate biosynthesis,0.0,0.0,,,0,False,0.0,,,,
27,Aquificota,"TCA cycle, glyoxylate bypass",0.0,0.0,,,0,False,0.0,,,,
28,Aquificota,Histidine biosynthesis,0.0,0.0,,,0,False,0.0,,,,
29,Aquificota,Urea cycle,0.0,0.0,,,0,False,0.0,,,,
30,Aquificota,Ribosome 50S subunit,0.0,0.0,,,0,False,0.0,,,,
31,Aquificota,Unannotated,0.0,0.0,,,0,False,0.0,,,,
32,Aquificota,Isoprenoid biosynthesis,0.0,0.0,,,0,False,0.0,,,,
33,Aquificota,RNA polymerase,0.0,0.0,,,0,False,0.0,,,,
34,Aquificota,Lysine biosynthesisTCA cycle,0.0,0.0,,,0,False,0.0,,,,
35,Aquificota,Menaquinone biosynthesis,0.0,0.0,,,0,False,0.0,,,,
36,Aquificota,Arginine biosynthesis,0.0,0.0,,,0,False,0.0,,,,
37,Aquificota,Glutamine biosynthesis,0.0,0.0,,,0,False,0.0,,,,
38,Aquificota,Lipoate biosynthesis,-0.1554115560495134,0.4736984764496559,,,7,True,0.0,-0.2677255126286654,-0.0430975994703614,-2.319884285484785,0.02455604075771328
39,Aquificota,Purine salvage,0.0,0.0,,,0,False,0.0,,,,
40,Aquificota,Serine biosynthesis,-0.0056641365882462,0.0330519268976826,,,2,False,0.0,-0.0135007517917957,0.0021724786153033,-1.2117748546141618,0.23140978830369796
41,Aquificota,Glycine cleavagePyruvate oxidation,0.0,0.0,,,0,False,0.0,,,,
42,Aquificota,16S rRNA modification,0.0,0.0,,,0,False,0.0,,,,
43,Aquificota,Lysine biosynthesis,0.0,0.0,,,0,False,0.0,,,,
44,Aquificota,tRNA modification,0.0,0.0,,,0,False,0.0,,,,
45,Aquificota,Thymidylate biosynthesis,0.0,0.0,,,0,False,0.0,,,,
46,Aquificota,Proline degradation,0.0,0.0,,,0,False,0.0,,,,
47,Aquificota,Gluconeogenesis,0.0,0.0,,,0,False,0.0,,,,
48,Aquificota,CRISPR-Cas system,0.0,0.0,,,0,False,0.0,,,,
49,Aquificota,Phospholipid biosynthesis,0.0,0.0,,,0,False,0.0,,,,
50,Aquificota,Non-phosphorylated Entner-Doudoroff pathway,0.0,0.0,,,0,False,0.0,,,,
51,Aquificota,Na+-translocating Fd:NADH oxidoreductase,0.0,0.0,,,0,False,0.0,,,,
52,Aquificota,FoF1-type ATP synthase,0.0,0.0,,,0,False,0.0,,,,
53,Aquificota,"Isoleucine, leucine, valine biosynthesis",0.0,0.0,,,0,False,0.0,,,,
54,Aquificota,TCA cycle,0.0,0.0,,,0,False,0.0,,,,
55,Aquificota,Pantothenate/CoA biosynthesis,0.0,0.0,,,0,False,0.0,,,,
56,Aquificota,Ubiquinone biosynthesis,0.0,0.0,,,0,False,0.0,,,,
57,Aquificota,Methionine biosynthesis,0.0,0.0,,,0,False,0.0,,,,
58,Aquificota,Entner-Doudoroff pathway,0.0,0.0,,,0,False,0.0,,,,
59,Aquificota,Threonine biosynthesis,0.0,0.0,,,0,False,0.0,,,,
60,Aquificota,Unknown,0.0,0.0,,,0,False,0.0,,,,
61,Aquificota,Proline biosynthesis,0.0,0.0,,,0,False,0.0,,,,
62,Aquificota,Aminoacyl-tRNA synthetases,0.0,0.0,,,0,False,0.0,,,,
63,Aquificota,NAD biosynthesis,0.0,0.0,,,0,False,0.0,,,,
64,Aquificota,2Fe2S,0.0,0.0,,,0,False,0.0,,,,
65,Aquificota,Aromatic amino acid biosynthesis,-0.4005619632618629,0.5797225317172644,,,23,True,-0.0006518518518518,-0.5380142340465438,-0.263109692477182,-4.885786993112743,1.1432657244600188e-05
66,Aquificota,Heme biosynthesis,-0.1648384186920689,0.4585160422804212,,,11,True,-0.0010592592592592,-0.2735526185972505,-0.0561242187868873,-2.5420782024883657,0.014231695084845732
67,Aquificota,Pyrimidine biosynthesis,-0.108330911744625,0.3299694746392722,,,8,True,-0.0021185185185184,-0.1865667074871927,-0.0300951160020572,-2.321472990508826,0.02446301957008992
68,Aquificota,Ribosome 30S subunit,-0.035583196004605,0.1461117442857323,,,4,True,-0.0021185185185184,-0.0702263053225975,-0.0009400866866126,-1.7220463224326332,0.09136883017182358
69,Aquificota,NADH dehydrogenase,0.3075056606264801,0.5173914812077565,,,26,True,-0.0074962962962962,0.1848320882090122,0.430179233043948,4.2026076149274925,0.00011135669020573708
0,Thermotogota,Folate biosynthesis,4.573849657845816,1.1652481373594004,,,50,True,0.3816948148148147,4.297569206863132,4.8501301088285,27.75546259631578,1.2504751757118843e-31
1,Thermotogota,Lysine biosynthesisTCA cycle,-1.502756311649116,1.0271353944650852,,,41,True,0.0900177777777777,-1.7462902173510952,-1.2592224059471369,-10.345366191877398,6.443154121034559e-14
2,Thermotogota,Na+-translocating Fd:NADH oxidoreductase,1.5750695993448958,1.0541840347094045,,,47,True,0.0656607407407406,1.3251224583108234,1.825016740378968,10.56497118024148,3.146274311631272e-14
3,Thermotogota,tRNA modification,0.460910478307387,0.8069400985772895,,,17,True,0.0202874074074075,0.2695848994859013,0.6522360571288726,4.038873830978325,0.00018860944043034197
4,Thermotogota,A/V-type ATP synthase,0.2106378425660532,0.4543431706329776,,,14,True,0.0185866666666664,0.1029130309496709,0.3183626541824355,3.278214716982694,0.0019253431138304797
5,Thermotogota,Molybdopterin biosynthesis,-0.9242609523349788,0.9203191722855858,,,38,True,0.0168251851851852,-1.1424687209766622,-0.7060531836932956,-7.101353602782441,4.6219478718746415e-09
6,Thermotogota,Glycine cleavagePyruvate oxidation,-0.5697202428422636,0.8399547889737017,,,25,True,0.0163392592592592,-0.7688736080890892,-0.3705668775954381,-4.796127748557003,1.5507559204174932e-05
7,Thermotogota,Methionine biosynthesis,-1.298854300946936,1.4902746260162243,,,32,True,0.0135148148148149,-1.6521985651968276,-0.9455100366970446,-6.162815013686561,1.312689609213563e-07
8,Thermotogota,Phospholipid biosynthesis,-0.0421957515384875,0.1740437380417263,,,5,True,0.0071066666666665,-0.0834615393953527,-0.0009299636816223,-1.7143335569461242,0.09278705431967839
9,Thermotogota,Purine biosynthesis,2.021736663692624,0.7064571928852915,,,50,True,0.0053148148148147,1.854235591952992,2.1892377354322563,20.23595653165987,1.9287989441137635e-25
10,Thermotogota,23S rRNA modification,0.0549907331894298,0.1708465324166981,,,6,True,0.0047377777777778,0.01448300310897,0.0954984632698896,2.275979488177514,0.027254865076041718
11,Thermotogota,Glycolysis,0.0283746301226554,0.1272517686361039,,,3,False,0.0030066666666667,-0.0017967770651712,0.058546037310482,1.5767084095126032,0.12129761089626384
12,Thermotogota,Isoprenoid biosynthesis,-0.0312134334850471,0.1409150664014901,,,3,False,0.0020348148148148,-0.064624409952157,0.0021975429820628,-1.5662789682479732,0.1237193207089402
13,Thermotogota,Unannotated,0.0457218201173477,0.14820558449254,,,8,True,0.0016399999999999,0.0105822610749785,0.0808613791597168,2.1814433756911114,0.03397770911564111
14,Thermotogota,"Isoleucine, leucine, valine biosynthesis",-0.1294100007673858,0.4196561455378696,,,9,True,0.0015185185185184,-0.2289105152325697,-0.0299094863022019,-2.1805158835143827,0.03405034100605382
15,Thermotogota,Non-phosphorylated Entner-Doudoroff pathway,-0.1250524670603915,0.424066595547035,,,6,True,0.0015185185185183,-0.225598699667919,-0.0245062344528639,-2.0851783279096443,0.04228457735643894
16,Thermotogota,Pyrimidine salvagetRNA modification,-0.0111805803537162,0.0790586418571387,,,1,False,0.0014881481481481,-0.0299253923178584,0.0075642316104258,-0.9999999999999927,0.322223405950679
17,Thermotogota,"Histidine biosynthesis, Purine biosynthesis",-3.175866410182508,1.5203880199292892,,,50,True,0.0013970370370368,-3.5363505631686936,-2.8153822571963216,-14.770418112654372,1.1231179372829171e-19
18,Thermotogota,TCA cycle,0.1148287473047294,0.4332689169838974,,,5,True,0.0002733333333333,0.012100643355682,0.2175568512537769,1.8740367174169648,0.0668943063934695
19,Thermotogota,"TCA cycle, glyoxylate bypass",0.0117668651770419,0.0701707841347287,,,2,False,3.0370370370421305e-05,-0.0048706348240174,0.0284043651781012,1.1857399432816444,0.24144330231072997
20,Thermotogota,Pentose phosphate pathway,0.0,0.0,,,0,False,0.0,,,,
21,Thermotogota,Entner-Doudoroff pathway,-0.0037429687175925,0.0264667856197879,,,1,False,0.0,-0.0100182462594794,0.0025323088242944,-0.9999999999999932,0.3222234059506788
22,Thermotogota,Translation factors,0.0,0.0,,,0,False,0.0,,,,
23,Thermotogota,Mureine biosynthesis,0.020000028050774,0.1005718076157047,,,2,False,0.0,-0.0038455576861638,0.0438456137877118,1.4061749305195055,0.16598234620230107
24,Thermotogota,Heme biosynthesis,0.0132322597907801,0.0872268581899855,,,2,False,0.0,-0.007449237090342,0.0339137566719022,1.0726765611691982,0.288670873605116
25,Thermotogota,Lipid A biosynthesis,0.0,0.0,,,0,False,0.0,,,,
26,Thermotogota,Pyridoxal phosphate biosynthesis,0.0,0.0,,,0,False,0.0,,,,
27,Thermotogota,Histidine biosynthesis,0.0,0.0,,,0,False,0.0,,,,
28,Thermotogota,Urea cycle,-0.0001533767864108,0.0010845376574772,,,1,False,0.0,-0.0004105207744669,0.0001037672016452,-0.9999999999996071,0.32222340595086363
29,Thermotogota,Ribosome 30S subunit,0.0,0.0,,,0,False,0.0,,,,
30,Thermotogota,Cobalamine/B12 biosynthesis,0.0,0.0,,,0,False,0.0,,,,
31,Thermotogota,FoF1-type ATP synthase,0.0,0.0,,,0,False,0.0,,,,
32,Thermotogota,Proline biosynthesis,0.0,0.0,,,0,False,0.0,,,,
33,Thermotogota,Pyruvate oxidation,0.0,0.0,,,0,False,0.0,,,,
34,Thermotogota,Proline degradation,0.0,0.0,,,0,False,0.0,,,,
35,Thermotogota,Serine biosynthesis,0.0,0.0,,,0,False,0.0,,,,
36,Thermotogota,Purine salvage,0.001390069654844,0.0070627147226409,,,2,False,0.0,-0.0002845007187719,0.00306464002846,1.391713693476633,0.17029485160551877
37,Thermotogota,2Fe2S,0.0,0.0,,,0,False,0.0,,,,
38,Thermotogota,Lipoate biosynthesis,0.0,0.0,,,0,False,0.0,,,,
39,Thermotogota,Glutamine biosynthesis,0.0040493417523431,0.0286331701242367,,,1,False,0.0,-0.0027395857742134,0.0108382692788997,0.9999999999999837,0.32222340595068333
40,Thermotogota,Menaquinone biosynthesis,0.0,0.0,,,0,False,0.0,,,,
41,Thermotogota,Threonine biosynthesis,0.0,0.0,,,0,False,0.0,,,,
42,Thermotogota,NAD biosynthesis,0.0,0.0,,,0,False,0.0,,,,
43,Thermotogota,Unknown,-0.0042736547218856,0.0223381886641007,,,2,False,0.0,-0.0095700415088576,0.0010227320650863,-1.352808985426695,0.1823261958434395
44,Thermotogota,Archaeal ribosomal proteins,0.080833217676905,0.3995897879511842,,,3,False,-6.0740740740694577e-05,-0.0139095613790702,0.1755759967328802,1.4304098374869003,0.15894571108920363
45,Thermotogota,Na+-translocating NADH dehydrogenase,-0.3991092496931908,0.5857801445298236,,,23,True,-0.0002733333333334,-0.537997781087157,-0.2602207182992246,-4.817726574171413,1.4411635000040776e-05
46,Thermotogota,Pantothenate/CoA biosynthesis,0.1329827506820457,0.3108229541220171,,,9,True,-0.0004251851851851,0.0592865968866806,0.2066789044774108,3.0252915217838376,0.003948984342186359
47,Thermotogota,16S rRNA modification,-0.9249171606848382,1.0361923820727683,,,32,True,-0.0018222222222222,-1.1705984790627697,-0.6792358423069068,-6.311715929119111,7.727022170181944e-08
48,Thermotogota,Fatty acid biosynthesis,-0.0003444666658359,0.0493251574969521,,,3,False,-0.0022777777777777,-0.0120394664870171,0.0113505331553451,-0.049381436910837295,0.9608160625975155
49,Thermotogota,RNA polymerase,0.0709934361645688,0.290437217373203,,,3,True,-0.0033103703703704,0.0021307426099897,0.1398561297191479,1.728426562743007,0.09020924822214794
50,Thermotogota,Ubiquinone biosynthesis,0.1469383816359408,0.3479685092098111,,,10,True,-0.0036444444444444,0.0644350129799587,0.2294417502919228,2.985934741833273,0.004403772192224509
51,Thermotogota,Thymidylate biosynthesis,-0.8048062342498246,0.9214394980037308,,,31,True,-0.0041303703703704,-1.0232796322323603,-0.5863328362672886,-6.176031600687426,1.2524203083908988e-07
52,Thermotogota,Riboflavin/FAD biosynthesis,-0.043138654023108,0.1785612930582947,,,3,True,-0.0068637037037036,-0.0854755546303827,-0.0008017534158333,-1.7083005095086043,0.09390906705973798
53,Thermotogota,Gluconeogenesis,-0.3287050002241499,0.6348214436770522,,,19,True,-0.0071066666666668,-0.4792212285959265,-0.1781887718523734,-3.6613371678519435,0.0006143856313485476
54,Thermotogota,Pyrimidine degradation,-1.0987225743062423,1.179653693701188,,,34,True,-0.0134540740740743,-1.378418584151595,-0.8190265644608898,-6.585951343882117,2.9065399596553232e-08
55,Thermotogota,Aromatic amino acid biosynthesis,-0.4507875797024559,0.7783092513342428,,,21,True,-0.0159444444444445,-0.6353247817527496,-0.2662503776521623,-4.095479450306437,0.00015734561398281387
56,Thermotogota,CRISPR-Cas system,-2.374146787853943,1.0567351740497744,,,49,True,-0.0183740740740742,-2.6246988042831174,-2.123594771424769,-15.886433369962843,5.795111665916556e-21
57,Thermotogota,NADH dehydrogenase,-0.2283929200522521,0.6168838572385601,,,10,True,-0.0214718518518518,-0.374656144868925,-0.0821296952355793,-2.6179673961137584,0.011734835958450665
58,Thermotogota,Lysine biosynthesis,-0.6233271034908702,0.653525647008856,,,38,True,-0.0261185185185185,-0.7782781003605334,-0.468376106621207,-6.744323253312054,1.6517111585433337e-08
59,Thermotogota,Aminoacyl-tRNA synthetases,-0.2293225045086707,0.4160098691633984,,,16,True,-0.0323748148148149,-0.3279584864774292,-0.1306865225399122,-3.897876229303421,0.0002948789156630395
60,Thermotogota,Asparagine biosynthesis,-0.5594460901705329,1.0925756194506515,,,16,True,-0.0433385185185184,-0.8184958798218243,-0.3003963005192416,-3.6206933142695132,0.0006955115738149261
61,Thermotogota,Glycine cleavage,1.0008238331359425,0.9315511427507908,,,37,True,-0.0696696296296298,0.7799529631632558,1.2216947031086292,7.596891750825324,7.936684990192056e-10
62,Thermotogota,Ribosome 50S subunit,1.3999873428082703,0.6640937129527413,,,48,True,-0.0829414814814815,1.24253065643662,1.5574440291799203,14.906639294528459,7.761326183426018e-20
63,Thermotogota,Arginine biosynthesis,4.062995569881934,1.404177197740646,,,50,True,-0.0898659259259258,3.73006501456646,4.395926125197409,20.460179270943126,1.1888290659871918e-25
64,Thermotogota,Thiamine biosynthesis,-1.9564719670246355,1.0846761149139497,,,47,True,-0.0941177777777779,-2.213648783352935,-1.6992951506963356,-12.754356586843945,3.4692906878308276e-17
65,Thermotogota,3D,-1.7154753507724951,1.235525461644959,,,43,True,-0.0968207407407408,-2.0084185624367543,-1.422532139108236,-9.817881469432459,3.69229432180992e-13
66,Thermotogota,Pyrimidine biosynthesis,4.047555430457265,0.932852948974471,,,50,True,-0.1047474074074074,3.8263759020975456,4.268734958816985,30.680654386644303,1.1986542986717495e-33
67,Thermotogota,Pyrimidine salvage,-1.3785920250317365,1.0152606628544312,,,48,True,-0.2026311111111111,-1.619310430670249,-1.137873619393224,-9.601591050015939,7.626643777081653e-13
68,Thermotogota,Biotin biosynthesis,-2.2035713628967013,1.1685342213102647,,,47,True,-0.2248014814814815,-2.4806309447158177,-1.926511781077585,-13.33431426411793,6.331816463355175e-18
69,Thermotogota,Cysteine biosynthesis,1.8661156436149124,0.938054112899014,,,50,True,-0.2887007407407407,1.6437029187637022,2.0885283684661227,14.066811369766452,7.846780058389863e-19
0,Nitrospirota,FoF1-type ATP synthase,-7.083344409401326,2.40867899456016,,,50,True,0.8311111111111112,-7.654442442132484,-6.512246376670168,-20.794306242879472,5.825205466418822e-26
1,Nitrospirota,Proline biosynthesis,-4.696956695480074,0.7599601786820295,,,50,True,0.5291813620071686,-4.877143330552457,-4.516770060407691,-43.702946857997716,6.533621167870377e-41
2,Nitrospirota,Arginine biosynthesis,-2.6703651808417463,1.324087515621927,,,48,True,0.1238136200716845,-2.98430646444299,-2.356423897240503,-14.260638404484409,4.565937144830578e-19
3,Nitrospirota,2Fe2S,1.7859614033330455,1.4497837854355795,,,40,True,0.0780903225806451,1.4422175214717836,2.1297052851943072,8.710715569596596,1.5976877693563494e-11
4,Nitrospirota,Entner-Doudoroff pathway,-0.8722569477594623,0.7443197483825799,,,40,True,0.0204243727598566,-1.0487352352291732,-0.6957786602897515,-8.286476397248189,6.99162950407674e-11
5,Nitrospirota,TCA cycle,-1.943283114900184,1.1280288814009498,,,45,True,0.0204243727598566,-2.2107388765383797,-1.675827353261988,-12.181502539231705,1.9418193263905782e-16
6,Nitrospirota,Phospholipid biosynthesis,-0.2045129001660032,0.5828038574527794,,,10,True,0.0127225806451612,-0.3426957535935895,-0.0663300467384169,-2.4813229476475325,0.01656882850431169
7,Nitrospirota,Thiamine biosynthesis,-0.4808681692410493,0.7293359090666602,,,20,True,0.0074580645161289,-0.653793786896556,-0.3079425515855427,-4.662119869598092,2.4382389423706723e-05
8,Nitrospirota,Thymidylate biosynthesis,2.4923350346920974,2.115881937178177,,,39,True,0.0073118279569892,1.990659213819792,2.994010855564403,8.329136768235406,6.022898417340941e-11
9,Nitrospirota,Lipoate biosynthesis,-0.0375840537736119,0.1265691108408859,,,5,True,0.0045333333333333,-0.067593602729288,-0.0075745048179358,-2.099717625512144,0.04092609106414124
10,Nitrospirota,Asparagine biosynthesis,0.095243834291585,0.3469660352030272,,,6,True,0.0015598566308243,0.0129781523237965,0.1775095162593734,1.9410418963452476,0.058016517817505865
11,Nitrospirota,"TCA cycle, glyoxylate bypass",0.1405491118168623,0.3644396890532713,,,9,True,0.0014136200716845,0.054140424757471,0.2269577988762536,2.7270144564557155,0.008843635108550824
12,Nitrospirota,Glycolysis,-0.020194960861082,0.0847293345977596,,,4,True,0.0,-0.0402842946463989,-0.0001056270757651,-1.6853659760766715,0.09827717000820016
13,Nitrospirota,Riboflavin/FAD biosynthesis,0.0,0.0,,,0,False,0.0,,,,
14,Nitrospirota,Na+-translocating NADH dehydrogenase,0.0,0.0,,,0,False,0.0,,,,
15,Nitrospirota,Pyrimidine salvagetRNA modification,0.0,0.0,,,0,False,0.0,,,,
16,Nitrospirota,Purine biosynthesis,0.0,0.0,,,0,False,0.0,,,,
17,Nitrospirota,Heme biosynthesis,0.0,0.0,,,0,False,0.0,,,,
18,Nitrospirota,Cysteine biosynthesis,0.0,0.0,,,0,False,0.0,,,,
19,Nitrospirota,Translation factors,0.0072226713055991,0.0357606169632382,,,2,False,0.0,-0.0012561745858962,0.0157015171970946,1.4281632399465602,0.15958806857416055
20,Nitrospirota,A/V-type ATP synthase,0.0,0.0,,,0,False,0.0,,,,
21,Nitrospirota,Glycine cleavage,0.0039380069900138,0.0198397481275702,,,2,False,0.0,-0.0007659992935656,0.0086420132735934,1.4035417330370188,0.16676122804798138
22,Nitrospirota,Pentose phosphate pathway,0.0117184289046817,0.0643108758710928,,,3,False,0.0,-0.0035296862555974,0.0269665440649609,1.288457112598189,0.2036376426560115
23,Nitrospirota,Folate biosynthesis,0.0,0.0,,,0,False,0.0,,,,
24,Nitrospirota,Cobalamine/B12 biosynthesis,0.0,0.0,,,0,False,0.0,,,,
25,Nitrospirota,Biotin biosynthesis,0.0049462243704497,0.0297639730942539,,,2,False,0.0,-0.0021108166544359,0.0120032653953354,1.1750812912441313,0.24564084107003542
26,Nitrospirota,Lipid A biosynthesis,0.0,0.0,,,0,False,0.0,,,,
27,Nitrospirota,Pyrimidine degradation,0.018291342864172,0.1293393257626423,,,1,False,0.0,-0.0123750243290652,0.0489577100574093,0.999999999999997,0.3222234059506769
28,Nitrospirota,23S rRNA modification,0.0,0.0,,,0,False,0.0,,,,
29,Nitrospirota,Pyridoxal phosphate biosynthesis,0.0,0.0,,,0,False,0.0,,,,
30,Nitrospirota,"Histidine biosynthesis, Purine biosynthesis",-0.0332445721559451,0.139617822041279,,,4,True,0.0,-0.0663479718543111,-0.000141172457579,-1.6837006956149274,0.09860074931546613
31,Nitrospirota,Histidine biosynthesis,0.0,0.0,,,0,False,0.0,,,,
32,Nitrospirota,Urea cycle,0.0,0.0,,,0,False,0.0,,,,
33,Nitrospirota,Ribosome 50S subunit,0.0,0.0,,,0,False,0.0,,,,
34,Nitrospirota,Unannotated,0.0,0.0,,,0,False,0.0,,,,
35,Nitrospirota,Isoprenoid biosynthesis,0.0,0.0,,,0,False,0.0,,,,
36,Nitrospirota,Fatty acid biosynthesis,0.0,0.0,,,0,False,0.0,,,,
37,Nitrospirota,3D,0.0,0.0,,,0,False,0.0,,,,
38,Nitrospirota,Ribosome 30S subunit,0.0,0.0,,,0,False,0.0,,,,
39,Nitrospirota,Threonine biosynthesis,-0.0073827064164408,0.0522036177057476,,,1,False,0.0,-0.0197601894436659,0.0049947766107842,-0.9999999999999934,0.32222340595067855
40,Nitrospirota,Non-phosphorylated Entner-Doudoroff pathway,0.0,0.0,,,0,False,0.0,,,,
41,Nitrospirota,CRISPR-Cas system,0.0,0.0,,,0,False,0.0,,,,
42,Nitrospirota,Gluconeogenesis,0.0,0.0,,,0,False,0.0,,,,
43,Nitrospirota,Proline degradation,0.0,0.0,,,0,False,0.0,,,,
44,Nitrospirota,16S rRNA modification,-0.0085501376246871,0.0604586029449454,,,1,False,0.0,-0.0228848784853461,0.0057846032359718,-0.9999999999999915,0.32222340595067955
45,Nitrospirota,Glycine cleavagePyruvate oxidation,0.0,0.0,,,0,False,0.0,,,,
46,Nitrospirota,Na+-translocating Fd:NADH oxidoreductase,-0.0711531610793789,0.3407389718278198,,,3,False,0.0,-0.1519424056923746,0.0096360835336168,-1.476581396961876,0.14618618666705344
47,Nitrospirota,tRNA modification,0.0,0.0,,,0,False,0.0,,,,
48,Nitrospirota,Menaquinone biosynthesis,0.0,0.0,,,0,False,0.0,,,,
49,Nitrospirota,Ubiquinone biosynthesis,0.0,0.0,,,0,False,0.0,,,,
50,Nitrospirota,Pyrimidine biosynthesis,0.0,0.0,,,0,False,0.0,,,,
51,Nitrospirota,RNA polymerase,0.0,0.0,,,0,False,0.0,,,,
52,Nitrospirota,NADH dehydrogenase,0.0,0.0,,,0,False,0.0,,,,
53,Nitrospirota,"Isoleucine, leucine, valine biosynthesis",0.0,0.0,,,0,False,0.0,,,,
54,Nitrospirota,Pyruvate oxidation,-0.0386013615021666,0.1779034424375115,,,4,False,0.0,-0.0807822856608532,0.0035795626565199,-1.5342752285865855,0.13139409227526816
55,Nitrospirota,Aromatic amino acid biosynthesis,0.007152565176465,0.0505762733915716,,,1,False,0.0,-0.0048390743496123,0.0191442047025423,0.9999999999999994,0.3222234059506758
56,Nitrospirota,Aminoacyl-tRNA synthetases,0.0,0.0,,,0,False,0.0,,,,
57,Nitrospirota,NAD biosynthesis,-0.1005526960541043,0.3344928228799023,,,8,True,0.0,-0.1798609781210914,-0.0212444139871173,-2.125650787789116,0.03859747141081663
58,Nitrospirota,Unknown,0.0,0.0,,,0,False,0.0,,,,
59,Nitrospirota,Purine salvage,1.0819212547072512,0.9206330108384776,,,36,True,-0.0006824372759856,0.8636390749129998,1.3002034345015026,8.309867742159184,6.442499144312041e-11
60,Nitrospirota,Serine biosynthesis,-0.0677452062229199,0.2992610828666632,,,3,False,-0.001316129032258,-0.1387000391766387,0.0032096267307988,-1.6007124700023605,0.11586901736115089
61,Nitrospirota,Methionine biosynthesis,0.178678712549236,0.5763269799037333,,,9,True,-0.0043383512544803,0.0420315274422746,0.3153258976561973,2.1922438772231465,0.03314192096718002
62,Nitrospirota,Mureine biosynthesis,0.2436225262745477,0.8601295802358219,,,7,True,-0.0044845878136201,0.0396857159831231,0.4475593365659722,2.0028045115167417,0.05074694464383272
63,Nitrospirota,Lysine biosynthesis,0.021669001377331,0.505916131848026,,,9,False,-0.0045333333333333,-0.0982837645486759,0.141621767303338,0.30286240842887596,0.7632767794049173
64,Nitrospirota,Lysine biosynthesisTCA cycle,0.3383450530336033,0.6033443606756779,,,19,True,-0.0054594982078853,0.1952920442186041,0.4813980618486024,3.9653321879573755,0.0002383148469569731
65,Nitrospirota,Glutamine biosynthesis,-0.4225835725904561,0.7463168727315941,,,18,True,-0.0058007168458781,-0.5995353784448987,-0.2456317667360135,-4.003818226741526,0.0002109035439457653
66,Nitrospirota,Pyrimidine salvage,-0.1419575608594789,0.3456499056486579,,,11,True,-0.0073118279569892,-0.2239111883770824,-0.0600039333418755,-2.9040700513447195,0.005510698585353407
67,Nitrospirota,Pantothenate/CoA biosynthesis,-0.3112180871011201,0.5520976077655014,,,19,True,-0.0087254480286738,-0.4421204856285057,-0.1803156885737345,-3.98596945036172,0.00022321400483324327
68,Nitrospirota,Archaeal ribosomal proteins,-1.726478927909267,1.3030420237693092,,,46,True,-0.0272487455197132,-2.03543032326802,-1.417527532550514,-9.36888400551274,1.6744437389811301e-12
69,Nitrospirota,Molybdopterin biosynthesis,3.8554936480585393,1.4324511313796615,,,50,True,-0.030173476702509,3.5158593402234137,4.195127955893665,19.03203288155511,2.7929465630163398e-24
0,Desulfobacterota,Lysine biosynthesisTCA cycle,-7.706233667734133,1.8557609939914872,,,50,True,0.3835630497007545,-8.146234786721466,-7.2662325487468,-29.363318344904716,9.23341624962248e-33
1,Desulfobacterota,Glycine cleavage,6.303727653870286,1.0837502174834464,,,50,True,0.206134894613583,6.046770367916214,6.560684939824358,41.12948259567874,1.1831768054727185e-39
2,Desulfobacterota,Pyrimidine salvagetRNA modification,3.803053938713166,1.3408904940668074,,,50,True,0.1289035128805619,3.4851286672266264,4.120979210199706,20.055069680793082,2.858788064427022e-25
3,Desulfobacterota,Arginine biosynthesis,-4.02119930464756,1.1457327386587812,,,50,True,0.1221984387197501,-4.292852652628533,-3.7495459566665863,-24.817456993918874,2.1025646470937218e-29
4,Desulfobacterota,16S rRNA modification,-8.33253963845984,1.8427038883036064,,,50,True,0.1218806141035648,-8.769444916370654,-7.895634360549027,-31.974726488935936,1.7399668135483558e-34
5,Desulfobacterota,Aromatic amino acid biosynthesis,-2.86736076102601,0.964097876065391,,,50,True,0.0769648191517043,-3.0959484647527056,-2.6387730572993147,-21.030336115917255,3.5387737625356743e-26
6,Desulfobacterota,"TCA cycle, glyoxylate bypass",3.171131863712489,1.5428722862357798,,,49,True,0.0724332552693207,2.8053166889155765,3.5369470385094024,14.533470235171272,2.147138425312356e-19
7,Desulfobacterota,Glycolysis,3.4196155968288666,1.2250071790273789,,,50,True,0.072023158990372,3.129166271034902,3.710064922622831,19.73893230151373,5.725193698416527e-25
8,Desulfobacterota,Unannotated,-3.2944751617690518,1.389029423148468,,,50,True,0.0655538901899557,-3.6238141781997744,-2.9651361453383287,-16.771032265517018,6.10405002757614e-22
9,Desulfobacterota,Purine salvage,-2.1283566317315694,1.7374486771339157,,,41,True,0.053886651053864,-2.540305888450073,-1.7164073750130653,-8.661984822270261,1.8913513431952143e-11
10,Desulfobacterota,Ribosome 30S subunit,-2.657596606222185,1.4042212138932366,,,50,True,0.053343273484257,-2.990537597771882,-2.324655614672489,-13.382539469745817,5.507230022808916e-18
11,Desulfobacterota,Urea cycle,1.933228637352916,0.7650922052576848,,,50,True,0.0529639344262294,1.751825198261442,2.11463207644439,17.867115488333425,4.2083325151573764e-23
12,Desulfobacterota,Non-phosphorylated Entner-Doudoroff pathway,-2.0669955145361376,1.205051919526103,,,47,True,0.0473968774395002,-2.352713446288157,-1.781277582784118,-12.128826329619569,2.2798584539494153e-16
13,Desulfobacterota,Proline biosynthesis,2.3639883184281643,0.8749606060751625,,,50,True,0.0464741608118656,2.156535070413257,2.571441566443072,19.104770649099855,2.3677674609286185e-24
14,Desulfobacterota,Ribosome 50S subunit,-2.444719521393499,1.0521108631413798,,,49,True,0.0439315638823835,-2.6941751132395364,-2.195263929547462,-16.430566513827348,1.4370135538590116e-21
15,Desulfobacterota,Pyrimidine salvage,1.2005510908990025,0.9631089677397068,,,42,True,0.0396973198022377,0.9721978574361424,1.4289043243618624,8.814348593678792,1.1168069810979715e-11
16,Desulfobacterota,Molybdopterin biosynthesis,3.963809999262324,1.506080011115573,,,50,True,0.0367446265938068,3.6067182766100543,4.320901721914593,18.61014626797507,7.349371663148229e-24
17,Desulfobacterota,2Fe2S,3.482736485881488,1.100899861331417,,,50,True,0.0303881342701014,3.2217130176400564,3.743759954122919,22.36957849439897,2.2732745865818314e-27
18,Desulfobacterota,Pyruvate oxidation,1.7874685430323336,1.2102630798169751,,,46,True,0.0203100182149361,1.5005150446493576,2.0744220414153096,10.443441174186212,4.674665788254915e-14
19,Desulfobacterota,Lipid A biosynthesis,-2.3043303343462616,1.2307113910172085,,,48,True,0.0201459797033566,-2.596132129378771,-2.0125285393137524,-13.239558985176588,8.336013211856972e-18
20,Desulfobacterota,Na+-translocating NADH dehydrogenase,-1.0914420778284342,0.9471877282963408,,,39,True,0.0172855581576892,-1.3160203838122555,-0.8668637718446128,-8.147973959639009,1.1358225710742786e-10
21,Desulfobacterota,Proline degradation,-0.3029186072197546,0.6205190790639674,,,19,True,0.0164141035649231,-0.450043743498154,-0.1557934709413552,-3.4518809902796233,0.0011559957316728054
22,Desulfobacterota,RNA polymerase,-1.7065103114631823,1.2827636269933167,,,45,True,0.010518969555035,-2.0106536968995394,-1.4023669260268252,-9.406916348483822,1.4718781896795076e-12
23,Desulfobacterota,Histidine biosynthesis,0.4618177712899125,0.4337670403016602,,,40,True,0.0092784283112151,0.3589715622519452,0.5646639803278798,7.528337734569581,1.0121066144729104e-09
24,Desulfobacterota,Glycine cleavagePyruvate oxidation,-0.1360122314589372,0.2293142726188014,,,17,True,0.0041317200104084,-0.1903826686427796,-0.0816417942750947,-4.194033371346437,0.00011449545364580954
25,Desulfobacterota,Gluconeogenesis,-1.9820446922928625,1.461809932073384,,,46,True,0.003055217278168,-2.3286399747358115,-1.6354494098499133,-9.587547681710031,7.995934710738765e-13
26,Desulfobacterota,Aminoacyl-tRNA synthetases,-0.1534491286878284,0.4553724579113141,,,8,True,0.0029937028363257,-0.2614179844217958,-0.045480272953861,-2.3827729933430115,0.021105862371619107
27,Desulfobacterota,"Histidine biosynthesis, Purine biosynthesis",-0.4370923344785445,0.7178118232105397,,,19,True,0.0020914910226385,-0.607285590214377,-0.2668990787427122,-4.305737851071653,7.957759727806777e-05
28,Desulfobacterota,Pyrimidine degradation,0.0367773757684527,0.2028465596332933,,,2,False,0.0020197241738224,-0.0113175639949968,0.0848723155319024,1.2820297197611636,0.20586494332005095
29,Desulfobacterota,Serine biosynthesis,-2.283379724712865,0.8235737858213206,,,50,True,0.0019479573250064,-2.478649152458838,-2.088110296966892,-19.604719275494702,7.70866349638434e-25
30,Desulfobacterota,Purine biosynthesis,0.0028038039114642,0.0552711589623285,,,4,False,0.0006664064532916,-0.0103009934573196,0.0159086012802481,0.35870222302828625,0.7213588175205872
31,Desulfobacterota,Unknown,-0.0248707880416456,0.1758630287770094,,,1,False,0.0004818631277647,-0.0665679299154773,0.0168263538321859,-0.9999999999999977,0.32222340595067656
32,Desulfobacterota,Menaquinone biosynthesis,-0.0460102456121831,0.2362865060444339,,,2,False,0.0004100962789486,-0.1020338000449881,0.0100133088206217,-1.3768943991374263,0.17480340545697223
33,Desulfobacterota,Pentose phosphate pathway,0.0201556136220415,0.0867910158535512,,,3,False,0.0001947957325006,-0.0004225449971201,0.0407337722412032,1.642125159033767,0.10696744424166546
34,Desulfobacterota,Mureine biosynthesis,-0.0079680164684684,0.0563423847746013,,,1,False,0.0001947957325006,-0.0213268015854667,0.0053907686485298,-0.9999999999999934,0.32222340595067855
35,Desulfobacterota,Heme biosynthesis,0.0,0.0,,,0,False,0.0,,,,
36,Desulfobacterota,23S rRNA modification,0.0,0.0,,,0,False,0.0,,,,
37,Desulfobacterota,Pyridoxal phosphate biosynthesis,0.0,0.0,,,0,False,0.0,,,,
38,Desulfobacterota,Folate biosynthesis,0.0,0.0,,,0,False,0.0,,,,
39,Desulfobacterota,3D,0.0,0.0,,,0,False,0.0,,,,
40,Desulfobacterota,FoF1-type ATP synthase,0.0,0.0,,,0,False,0.0,,,,
41,Desulfobacterota,NAD biosynthesis,0.0,0.0,,,0,False,0.0,,,,
42,Desulfobacterota,Phospholipid biosynthesis,0.0,0.0,,,0,False,0.0,,,,
43,Desulfobacterota,tRNA modification,0.0,0.0,,,0,False,0.0,,,,
44,Desulfobacterota,NADH dehydrogenase,0.0,0.0,,,0,False,0.0,,,,
45,Desulfobacterota,Pyrimidine biosynthesis,0.0,0.0,,,0,False,0.0,,,,
46,Desulfobacterota,Ubiquinone biosynthesis,0.0,0.0,,,0,False,0.0,,,,
47,Desulfobacterota,CRISPR-Cas system,-0.0083539526167658,0.0408516464453028,,,4,False,-0.0007586781160551,-0.0180398821123238,0.0013319768787921,-1.4459971773562177,0.15454431276283914
48,Desulfobacterota,Methionine biosynthesis,-0.0198006658544761,0.1098464058442591,,,3,False,-0.0009842310694769,-0.0458452597675393,0.006243928058587,-1.2746147668736598,0.20845707137215935
49,Desulfobacterota,Cobalamine/B12 biosynthesis,-0.0515088635025864,0.1603390761125409,,,7,True,-0.0011380171740827,-0.0895252746327565,-0.0134924523724165,-2.271577681308739,0.02753949067930593
50,Desulfobacterota,Archaeal ribosomal proteins,-0.1078513193935509,0.2971240178209516,,,8,True,-0.001312308092636,-0.1782994540092259,-0.0374031847778758,-2.5666857853629375,0.013373556236161531
51,Desulfobacterota,Thiamine biosynthesis,-4.103906233887168,1.6427222962201529,,,49,True,-0.0013225604996098,-4.493395856129775,-3.7144166116445607,-17.66518865673482,6.825140515425363e-23
52,Desulfobacterota,Thymidylate biosynthesis,0.0539882861235574,0.1399693511998797,,,7,True,-0.0018659380692168,0.0208015388262054,0.0871750334209094,2.7274173163874633,0.008834290812232108
53,Desulfobacterota,"Isoleucine, leucine, valine biosynthesis",0.0227185667830193,0.1595911098961175,,,2,False,-0.0021017434296123,-0.0151205014817404,0.060557635047779,1.006600721153529,0.319071798315726
54,Desulfobacterota,A/V-type ATP synthase,0.0276029681635305,0.1454145204373834,,,2,False,-0.0023375487900078,-0.0068748293096437,0.0620807656367049,1.3422487596562618,0.1857015929903899
55,Desulfobacterota,Lipoate biosynthesis,0.1251690567874609,0.4712917318643997,,,6,True,-0.0024708300806661,0.0134257395923989,0.2369123739825229,1.8779851812593056,0.06634088259452121
56,Desulfobacterota,TCA cycle,-0.3720702200331731,0.6029809937993347,,,19,True,-0.0027784022898778,-0.5150370745251147,-0.2291033655412314,-4.363211749101698,6.590282010951581e-05
57,Desulfobacterota,Glutamine biosynthesis,0.0418239739618331,0.1837746278451822,,,4,False,-0.0041214676034349,-0.0017490088496225,0.0853969567732888,1.6092545500620414,0.11398533982030586
58,Desulfobacterota,Fatty acid biosynthesis,0.0647228717736085,0.2082524458253878,,,6,True,-0.0059156388238356,0.0153461958483681,0.114099547698849,2.197620361556718,0.03273266708871174
59,Desulfobacterota,Pantothenate/CoA biosynthesis,0.134277136921711,0.3047454968112259,,,14,True,-0.0061411917772574,0.062021948868165,0.206532324975257,3.115657985734632,0.0030657489572339775
60,Desulfobacterota,Biotin biosynthesis,-0.1764932407692752,0.5122561504450958,,,9,True,-0.0063769971376529,-0.2979492257445797,-0.0550372557939708,-2.4362726982020044,0.01852046264796534
61,Desulfobacterota,Na+-translocating Fd:NADH oxidoreductase,0.5708661086497986,0.9490135182239954,,,28,True,-0.0084069737184491,0.3458549076898434,0.7958773096097537,4.253504179068738,9.43767754519571e-05
62,Desulfobacterota,Isoprenoid biosynthesis,-2.1296066647622145,1.0843216815375496,,,48,True,-0.0108572989851679,-2.386699444901195,-1.872513884623234,-13.887569893264015,1.2999613811554185e-18
63,Desulfobacterota,Cysteine biosynthesis,0.3226348356040811,0.5555338726567591,,,19,True,-0.0158194639604476,0.1909176983241376,0.4543519728840245,4.106631320456118,0.00015180867151307515
64,Desulfobacterota,Riboflavin/FAD biosynthesis,1.070570601447259,1.0697249906336912,,,36,True,-0.0211814728077024,0.8169386981949058,1.324202504699612,7.076657446077575,5.04724870241152e-09
65,Desulfobacterota,Threonine biosynthesis,-2.081898982174596,0.9008481861005446,,,49,True,-0.0275072079104866,-2.2954901780264945,-1.868307786322697,-16.341542456929837,1.8012770259867496e-21
66,Desulfobacterota,Asparagine biosynthesis,-0.6907591748260811,0.7261588290092373,,,35,True,-0.0281941191777258,-0.862931506479293,-0.5185868431728693,-6.726358988883581,1.7610708365942024e-08
67,Desulfobacterota,Translation factors,4.478016817807959,1.0155565444411458,,,50,True,-0.028440176945095,4.237228258615372,4.718805377000547,31.179318133210217,5.649210497335227e-34
68,Desulfobacterota,Entner-Doudoroff pathway,-1.7003717167195136,0.916824079283562,,,46,True,-0.0390104085349987,-1.9177507984576383,-1.482992634981389,-13.114232038601479,1.2013684570520446e-17
69,Desulfobacterota,Lysine biosynthesis,5.308416710346686,0.8421520154974976,,,50,True,-0.0705878220140515,5.10874238246929,5.508091038224081,44.571732705914066,2.5488302125511464e-41
0,Actinobacteriota,Molybdopterin biosynthesis,7.895412908272659,0.7241858656092405,,,50,True,0.1905526673084993,7.723708366440729,8.06711745010459,77.0920874437481,8.228044695407643e-53
1,Actinobacteriota,Thymidylate biosynthesis,5.826001000716044,0.5673431081849731,,,50,True,0.1635413562418227,5.691483892500391,5.960518108931697,72.61222980191373,1.5081812074976654e-51
2,Actinobacteriota,Pyridoxal phosphate biosynthesis,8.980171536762057,2.0497601781536083,,,50,True,0.1162785689599841,8.494173191628501,9.466169881895611,30.978942110109664,7.632989824294997e-34
3,Actinobacteriota,Gluconeogenesis,-7.550652249163371,1.0606184769963256,,,50,True,0.0985386321558172,-7.802124997113135,-7.299179501213607,-50.339660524162014,7.430897196442714e-44
4,Actinobacteriota,Na+-translocating Fd:NADH oxidoreductase,4.965038197792079,0.8144760874187822,,,50,True,0.0737805993729788,4.771925835255628,5.158150560328531,43.10515965711645,1.2617133767417727e-40
5,Actinobacteriota,Aromatic amino acid biosynthesis,-5.703818036973992,0.6567527591717038,,,50,True,0.0697475215384235,-5.859534182463197,-5.548101891484787,-61.411366092852525,5.0766742821464143e-48
6,Actinobacteriota,Unannotated,-7.784194855547117,0.8428474922832945,,,50,True,0.063181883038337,-7.984034081040623,-7.584355630053611,-65.30549143028993,2.586576275380437e-49
7,Actinobacteriota,2Fe2S,1.5223660916102126,0.403722492771191,,,50,True,0.0509024673529338,1.4266434478242775,1.6180887353961475,26.663745669383168,7.925205932312334e-31
8,Actinobacteriota,Folate biosynthesis,6.181901420764081,1.4297508759521371,,,50,True,0.0461927053247426,5.842907343763373,6.52089549776479,30.573608932661138,1.4107545503887299e-33
9,Actinobacteriota,Glycine cleavage,3.576930995063854,0.3609797365887459,,,50,True,0.0429534301019525,3.4913426630830333,3.6625193270446745,70.0668737350076,8.525209117281904e-51
10,Actinobacteriota,"Histidine biosynthesis, Purine biosynthesis",-5.939704152868398,1.7311695186831486,,,50,True,0.0381645881162211,-6.350164620484436,-5.52924368525236,-24.26108500298669,5.883700358721014e-29
11,Actinobacteriota,Ribosome 30S subunit,3.0913397310815656,0.6613371803964632,,,50,True,0.0368983077834554,2.9345366188572406,3.2481428433058905,33.05284129781952,3.6771118343217713e-35
12,Actinobacteriota,16S rRNA modification,-11.18785347820286,2.3836971541253,,,50,True,0.0294627897504257,-11.753028314045364,-10.62267864236036,-33.18797040835373,3.036153621192303e-35
13,Actinobacteriota,"Isoleucine, leucine, valine biosynthesis",3.852103665541693,1.1017726187703825,,,50,True,0.0220212656446715,3.59087326642339,4.113334064659995,24.72242073666706,2.5030926295282508e-29
14,Actinobacteriota,Proline biosynthesis,5.374219803958231,1.3088478750614438,,,50,True,0.0183225258584511,5.063891840672097,5.684547767244364,29.034292979140186,1.5573413897617654e-32
15,Actinobacteriota,Glycolysis,2.661374183734531,0.7921174984780724,,,50,True,0.0162814621442148,2.4735630448926944,2.8491853225763677,23.75753264142282,1.5194845442116495e-28
16,Actinobacteriota,Phospholipid biosynthesis,-4.924710276701684,0.7767720894104884,,,50,True,0.0142984571329827,-5.108883017504701,-4.7405375358986666,-44.830344440898244,1.932478495747314e-41
17,Actinobacteriota,NAD biosynthesis,-2.528793756447699,0.9335209514119328,,,50,True,0.013548699054531,-2.7501316682527657,-2.3074558446426323,-19.15465540116547,2.1148084501004224e-24
18,Actinobacteriota,Archaeal ribosomal proteins,1.4048686270937802,0.8680183439011815,,,45,True,0.0132644116122342,1.1990613901410434,1.6106758640465169,11.444367966114534,1.895386624062661e-15
19,Actinobacteriota,Pentose phosphate pathway,-3.568254815663484,0.6899177384406053,,,50,True,0.0132463933940605,-3.7318343810848646,-3.404675250242103,-36.57156551533454,3.1264623894990405e-37
20,Actinobacteriota,Pyrimidine degradation,-2.990410352478506,0.7767038474170799,,,50,True,0.0116407699523562,-3.1745669130979985,-2.806253791859014,-27.224526385441287,3.0447530853400455e-31
21,Actinobacteriota,Mureine biosynthesis,3.1472337769366714,0.6138520719300055,,,50,True,0.0104295452862326,3.001689388722671,3.292778165150672,36.25352829150384,4.725292501075076e-37
22,Actinobacteriota,Lysine biosynthesis,2.2012877909149533,0.7207605343626224,,,50,True,0.0076397245056653,2.0303953954673326,2.372180186362574,21.59587616260914,1.091616182337201e-26
23,Actinobacteriota,Pyrimidine salvage,-2.164653670757919,0.4814895014273962,,,50,True,0.0071342133846799,-2.278814880145683,-2.0504924613701547,-31.789712651586903,2.282781679590505e-34
24,Actinobacteriota,Fatty acid biosynthesis,2.425563315268778,0.4245231761372012,,,50,True,0.0066917660273025,2.324908827357237,2.526217803180319,40.40138123977394,2.7699362570859303e-39
25,Actinobacteriota,Unknown,1.0521861009707956,0.3837451396611928,,,50,True,0.0065866597546223,0.961200089623663,1.143172112317928,19.388074275639426,1.2501840789753138e-24
26,Actinobacteriota,Na+-translocating NADH dehydrogenase,-3.043883505338081,2.307410885360857,,,45,True,0.0051321891431533,-3.590970859156549,-2.496796151519613,-9.327990439075304,1.923797350796795e-12
27,Actinobacteriota,Asparagine biosynthesis,0.8623129944936777,0.6398087025482821,,,44,True,0.0024875151200967,0.7106142865401417,1.0140117024472135,9.5301511761751,9.702911950028202e-13
28,Actinobacteriota,Histidine biosynthesis,0.2023233401448884,0.3147219490533121,,,28,True,0.0017187378113505,0.1277027342577667,0.2769439460320101,4.5457333445951935,3.600387267615825e-05
29,Actinobacteriota,A/V-type ATP synthase,-0.4602924072857197,0.3431617017537523,,,44,True,0.0015705880174775,-0.5416560814086933,-0.3789287331627462,-9.484621414832858,1.1315564592046367e-12
30,Actinobacteriota,Glycine cleavagePyruvate oxidation,2.004684123904387,0.578201647601622,,,50,True,0.001509526278111,1.867592454897036,2.141775792911738,24.51611378192532,3.662079772107698e-29
31,Actinobacteriota,Entner-Doudoroff pathway,0.2630926694392752,0.3461306487326215,,,39,True,0.0007958046360068,0.18102505768794,0.3451602811906104,5.374693380148777,2.1155898516445335e-06
32,Actinobacteriota,TCA cycle,-0.3755658795906441,0.4328422291572106,,,36,True,0.000570576908835,-0.4781928158129162,-0.272938943368372,-6.135380569449477,1.4471743296358605e-07
33,Actinobacteriota,Menaquinone biosynthesis,0.0399261172857779,0.2879527902349275,,,29,False,0.0004354402725319,-0.0283475183435493,0.1081997529151053,0.9804394760748721,0.3316854400281922
34,Actinobacteriota,RNA polymerase,0.885709244750633,0.5968821913518466,,,43,True,0.0004344392604112,0.7441884169345757,1.02723007256669,10.492707308025642,3.980587236304623e-14
35,Actinobacteriota,23S rRNA modification,-3.049083516359712,1.489893677559014,,,49,True,0.0003653694240786,-3.402337457691948,-2.695829575027476,-14.471016712779337,2.54990168223597e-19
36,Actinobacteriota,Arginine biosynthesis,0.5769222638340763,0.6816885153904546,,,39,True,0.0002752783332098,0.415293848028506,0.7385506796396465,5.984340879513109,2.47408239532151e-07
37,Actinobacteriota,Purine biosynthesis,-1.6923548601869451,0.434998068872439,,,50,True,2.00202424152085e-05,-1.7954929462232985,-1.5892167741505918,-27.509905984504947,1.8836614495248425e-31
38,Actinobacteriota,Isoprenoid biosynthesis,4.770374354197259,0.948437279136126,,,50,True,0.0,4.545499779583201,4.995248928811318,35.56549419613377,1.168266678097593e-36
39,Actinobacteriota,Pyrimidine salvagetRNA modification,-0.0276705480794007,0.2730499756750268,,,2,False,-3.003036362284976e-06,-0.0924107248723542,0.0370696287135528,-0.7165732989985447,0.47703907881477314
40,Actinobacteriota,FoF1-type ATP synthase,0.0285898624956498,0.1933340833680877,,,6,False,-0.0002082105211187,-0.017249668185174,0.0744293931764737,1.045655545658529,0.3008511371169281
41,Actinobacteriota,Urea cycle,0.5372777546308486,0.788628892362879,,,30,True,-0.0002212236786886,0.3502937646510483,0.7242617446106488,4.817383022093773,1.442845634392773e-05
42,Actinobacteriota,Ribosome 50S subunit,-0.5908384085335964,0.7188067678386263,,,32,True,-0.0002542570786738,-0.7612675657411733,-0.4204092513260195,-5.81221357327798,4.5503339025709825e-07
43,Actinobacteriota,Translation factors,-0.0757081466147282,0.3122576588400393,,,23,True,-0.0003553593028709,-0.1497444690435489,-0.0016718241859076,-1.7144093138084882,0.09277303605349989
44,Actinobacteriota,CRISPR-Cas system,-0.3966786152445986,0.4330467572000283,,,39,True,-0.0005015070725024,-0.4993540450864669,-0.2940031854027303,-6.477225244792267,4.2836634999203214e-08
45,Actinobacteriota,tRNA modification,-0.6386668467356761,0.5470838632949514,,,42,True,-0.0011101224419265,-0.76838048594303,-0.5089532075283222,-8.254779359162896,7.811727331035462e-11
46,Actinobacteriota,Thiamine biosynthesis,-3.8659172194159854,0.6038973910573026,,,50,True,-0.0014194351872423,-4.009101351790288,-3.7227330870416826,-45.26623763962409,1.2160756844444616e-41
47,Actinobacteriota,Riboflavin/FAD biosynthesis,-0.1458010510218071,0.4394965499776356,,,31,True,-0.0014444604902614,-0.2500057273822584,-0.0415963746613558,-2.3457957039001065,0.023077666923822227
48,Actinobacteriota,Proline degradation,-0.6699670655773273,0.9498328094339296,,,25,True,-0.0017067256659014,-0.8951725205658534,-0.4447616105888013,-4.987596243634852,8.072252757834565e-06
49,Actinobacteriota,Cobalamine/B12 biosynthesis,0.1739419848344801,0.4099255915761159,,,31,True,-0.0018108309264608,0.0767485856957852,0.271135383973175,3.0004361654173617,0.004230787265624112
50,Actinobacteriota,3D,0.9465786108334048,0.5812014026588351,,,49,True,-0.0020300525809079,0.8087756995992071,1.0843815220676023,11.51635477107305,1.5126027521566754e-15
51,Actinobacteriota,Methionine biosynthesis,-1.4881740121692368,0.7376408657741238,,,48,True,-0.0020730961021007,-1.6630687358983471,-1.3132792884401263,-14.265721768087179,4.501830956512247e-19
52,Actinobacteriota,Pantothenate/CoA biosynthesis,-0.025208453021365,0.3014698463206827,,,16,False,-0.0022312560171814,-0.0966869840129742,0.0462700779702441,-0.5912720058797732,0.557056126931024
53,Actinobacteriota,Serine biosynthesis,0.4581420642501633,0.5408146085433143,,,38,True,-0.0022542792959589,0.3299148659772122,0.5863692625231144,5.990137012952888,2.423749006679539e-07
54,Actinobacteriota,Lysine biosynthesisTCA cycle,-0.4097623116224574,0.4731556696812438,,,36,True,-0.0023523784837937,-0.5219475686620305,-0.2975770545828844,-6.123686722767398,1.508590237553344e-07
55,Actinobacteriota,Biotin biosynthesis,-0.7679239525235861,0.70764114546597,,,40,True,-0.0025746031746031,-0.9357057395395998,-0.6001421655075725,-7.673440666136575,6.051530476598541e-10
56,Actinobacteriota,Lipid A biosynthesis,-1.52576776519048,0.5731383139026004,,,50,True,-0.0038338764225233,-1.6616589172667235,-1.3898766131142364,-18.824090225895773,4.490250634846044e-24
57,Actinobacteriota,Non-phosphorylated Entner-Doudoroff pathway,-1.7368081610058823,0.9227261371244324,,,49,True,-0.0050981547310474,-1.955586621253804,-1.5180297007579608,-13.309570184005553,6.802500278738138e-18
58,Actinobacteriota,Pyruvate oxidation,-2.970757019014062,0.62629942024214,,,50,True,-0.0075346182329853,-3.1192526747692475,-2.822261363258877,-33.5405457119891,1.848153386969695e-35
59,Actinobacteriota,Threonine biosynthesis,-2.0038264518219706,0.8146757108520016,,,50,True,-0.0082423338023649,-2.196986145094588,-1.8106667585493537,-17.392433007760303,1.3200491514800497e-22
60,Actinobacteriota,Ubiquinone biosynthesis,2.35605858645744,0.9434571184598874,,,50,True,-0.0088279258930114,2.132364808442392,2.579752364472488,17.658301270506335,6.939137643308839e-23
61,Actinobacteriota,Cysteine biosynthesis,-2.2093896526919408,0.549800895470031,,,50,True,-0.010191304401491,-2.3397475005022508,-2.0790318048816308,-28.415275758440817,4.2245828197549617e-32
62,Actinobacteriota,"TCA cycle, glyoxylate bypass",-0.7299881336203978,0.6893236177604629,,,37,True,-0.0106157335406945,-0.8934268329685491,-0.5665494342722467,-7.488203597980668,1.1670458222052139e-09
63,Actinobacteriota,Pyrimidine biosynthesis,-0.9278044582085144,0.4750838754973031,,,50,True,-0.0108950159223876,-1.0404468930416997,-0.8151620233753295,-13.809284167508556,1.6226453559299882e-18
64,Actinobacteriota,NADH dehydrogenase,-1.5657396590421615,1.2977400210945238,,,44,True,-0.0120471808733861,-1.873433949031563,-1.25804536905276,-8.531332258271966,2.97657772889864e-11
65,Actinobacteriota,Heme biosynthesis,-3.150400981012924,0.7983785504753644,,,50,True,-0.0123725098126342,-3.33969661591528,-2.961105346110568,-27.902426684742572,9.800537778227035e-32
66,Actinobacteriota,Aminoacyl-tRNA synthetases,-1.0977307336596047,1.8338531131479288,,,24,True,-0.013189335703177,-1.5325374918876506,-0.662923975431559,-4.232688213262459,0.00010099288161957132
67,Actinobacteriota,Lipoate biosynthesis,-3.320472490568456,0.7051861840529979,,,50,True,-0.0267630600607273,-3.4876722059856617,-3.1532727751512506,-33.295159036296184,2.609520985384294e-35
68,Actinobacteriota,Purine salvage,-2.774018059946833,1.0545383885560842,,,50,True,-0.0327931570762053,-3.02404921831372,-2.5239869015799465,-18.600811526720776,7.509809773313298e-24
69,Actinobacteriota,Glutamine biosynthesis,-3.689572861539948,0.620481050994794,,,50,True,-0.0349563442691747,-3.836688981359308,-3.542456741720588,-42.04676332813009,4.133744296541814e-40
0,Acidobacteriota,Urea cycle,-3.437924592507785,1.0712200476605764,,,50,True,1.6959153153153164,-3.691910973932116,-3.1839382110834533,-22.693561401126107,1.194165492815513e-27
1,Acidobacteriota,Thymidylate biosynthesis,-10.353746641146056,2.212899091840463,,,50,True,1.6330936936936944,-10.878425239181253,-9.829068043110857,-33.08422190436523,3.5169140303489006e-35
2,Acidobacteriota,Entner-Doudoroff pathway,3.534786102780994,1.23332356382173,,,50,True,0.5965369369369378,3.242364961312872,3.827207244249116,20.266143424481704,1.8066962355237943e-25
3,Acidobacteriota,Proline degradation,-4.964561691511363,1.3809952511499288,,,50,True,0.4710279279279281,-5.291995804950299,-4.637127578072426,-25.419893622107203,7.053647495304197e-30
4,Acidobacteriota,Purine salvage,-8.829438769700744,1.0577277480180924,,,50,True,0.4633765765765769,-9.080226125517992,-8.578651413883495,-59.0261155559664,3.448071879331194e-47
5,Acidobacteriota,Aromatic amino acid biosynthesis,1.973944388149584,1.2411020355140716,,,48,True,0.2562531531531535,1.6796789702580848,2.268209806041084,11.246371552098513,3.5372183268569464e-15
6,Acidobacteriota,Serine biosynthesis,-0.2880571772596049,0.5291403533060638,,,18,True,0.0885945945945951,-0.4135164084374584,-0.1625979460817514,-3.849398030921029,0.00034331690169206236
7,Acidobacteriota,Cysteine biosynthesis,-0.3183518387802574,0.6796181194519895,,,14,True,0.0514117117117121,-0.4794893634998414,-0.1572143140606735,-3.3122828477004576,0.0017438136701600916
8,Acidobacteriota,Aminoacyl-tRNA synthetases,-0.091882211503351,0.2443496528200565,,,9,True,0.0498009009009006,-0.149817538850513,-0.0339468841561891,-2.6589166006420144,0.010560450979387034
9,Acidobacteriota,Na+-translocating Fd:NADH oxidoreductase,8.780873807709483,1.4765815731532206,,,50,True,0.0418810810810817,8.430776167675523,9.130971447743445,42.04993159243783,4.118912446695682e-40
10,Acidobacteriota,Asparagine biosynthesis,0.5053780897409509,0.7066389765736238,,,26,True,0.0361090090090094,0.3378339170704668,0.6729222624114348,5.057126569096029,6.357675375223935e-06
11,Acidobacteriota,Isoprenoid biosynthesis,-0.0310122412547472,0.2192896609102496,,,1,False,0.013289189189189,-0.083005841990654,0.0209813594811595,-0.9999999999999996,0.32222340595067567
12,Acidobacteriota,16S rRNA modification,-0.0248794389654409,0.1759242000458013,,,1,False,0.013289189189189,-0.0665910845532775,0.0168322066223955,-0.9999999999999973,0.3222234059506768
13,Acidobacteriota,Thiamine biosynthesis,-0.2316815068004983,0.4348704247703924,,,20,True,0.0130207207207212,-0.3347893284073726,-0.1285736851936242,-3.767181100454162,0.00044349355738421175
14,Acidobacteriota,Glycine cleavage,0.021191559847787,0.0935705570933068,,,4,False,0.0008054054054052,-0.0009940286836162,0.0433771483791904,1.6014327730621813,0.11570921029310383
15,Acidobacteriota,Mureine biosynthesis,0.0,0.0,,,0,False,0.0,,,,
16,Acidobacteriota,Pyrimidine salvage,0.0028867054776996,0.0204120901856979,,,1,False,0.0,-0.0019530031656315,0.0077264141210308,0.9999999999999752,0.3222234059506873
17,Acidobacteriota,Histidine biosynthesis,-0.0059151418967185,0.0327173074717376,,,2,False,0.0,-0.0136724188006016,0.0018421350071645,-1.2784172262535425,0.20712477236092158
18,Acidobacteriota,"Histidine biosynthesis, Purine biosynthesis",0.0,0.0,,,0,False,0.0,,,,
19,Acidobacteriota,RNA polymerase,0.0,0.0,,,0,False,0.0,,,,
20,Acidobacteriota,Ribosome 30S subunit,0.0,0.0,,,0,False,0.0,,,,
21,Acidobacteriota,"TCA cycle, glyoxylate bypass",0.0,0.0,,,0,False,0.0,,,,
22,Acidobacteriota,Pyridoxal phosphate biosynthesis,0.0,0.0,,,0,False,0.0,,,,
23,Acidobacteriota,Archaeal ribosomal proteins,0.0,0.0,,,0,False,0.0,,,,
24,Acidobacteriota,Purine biosynthesis,0.0,0.0,,,0,False,0.0,,,,
25,Acidobacteriota,Lipid A biosynthesis,-0.0101815549603874,0.0604739939596189,,,2,False,0.0,-0.024519945032179,0.0041568351114041,-1.1905029061452173,0.23958449331911283
26,Acidobacteriota,Pyrimidine degradation,0.0,0.0,,,0,False,0.0,,,,
27,Acidobacteriota,Translation factors,0.0,0.0,,,0,False,0.0,,,,
28,Acidobacteriota,A/V-type ATP synthase,0.0,0.0,,,0,False,0.0,,,,
29,Acidobacteriota,Na+-translocating NADH dehydrogenase,0.0,0.0,,,0,False,0.0,,,,
30,Acidobacteriota,Pentose phosphate pathway,0.0,0.0,,,0,False,0.0,,,,
31,Acidobacteriota,Folate biosynthesis,0.0,0.0,,,0,False,0.0,,,,
32,Acidobacteriota,NADH dehydrogenase,0.0,0.0,,,0,False,0.0,,,,
33,Acidobacteriota,3D,0.0,0.0,,,0,False,0.0,,,,
34,Acidobacteriota,Lysine biosynthesisTCA cycle,0.0,0.0,,,0,False,0.0,,,,
35,Acidobacteriota,Proline biosynthesis,-0.0119236321629984,0.0530097600280187,,,6,False,0.0,-0.0244922516162023,0.0006449872902053,-1.5905148701623577,0.11815070718374128
36,Acidobacteriota,Threonine biosynthesis,0.0,0.0,,,0,False,0.0,,,,
37,Acidobacteriota,Non-phosphorylated Entner-Doudoroff pathway,0.0007282311847183,0.0051493720898587,,,1,False,0.0,-0.0004926854575409,0.0019491478269777,0.9999999999999093,0.3222234059507191
38,Acidobacteriota,Phospholipid biosynthesis,0.0,0.0,,,0,False,0.0,,,,
39,Acidobacteriota,CRISPR-Cas system,0.0,0.0,,,0,False,0.0,,,,
40,Acidobacteriota,Gluconeogenesis,0.0,0.0,,,0,False,0.0,,,,
41,Acidobacteriota,Lysine biosynthesis,0.0,0.0,,,0,False,0.0,,,,
42,Acidobacteriota,Glycine cleavagePyruvate oxidation,0.0,0.0,,,0,False,0.0,,,,
43,Acidobacteriota,Lipoate biosynthesis,0.0,0.0,,,0,False,0.0,,,,
44,Acidobacteriota,tRNA modification,0.0,0.0,,,0,False,0.0,,,,
45,Acidobacteriota,TCA cycle,0.0,0.0,,,0,False,0.0,,,,
46,Acidobacteriota,Methionine biosynthesis,0.0155263104333515,0.1097875939423034,,,1,False,0.0,-0.0105043391718217,0.0415569600385249,0.9999999999999954,0.32222340595067755
47,Acidobacteriota,Pyrimidine biosynthesis,0.008019592160435,0.0567070799899413,,,1,False,0.0,-0.0054256622289309,0.0214648465498011,0.9999999999999881,0.3222234059506812
48,Acidobacteriota,FoF1-type ATP synthase,0.0,0.0,,,0,False,0.0,,,,
49,Acidobacteriota,2Fe2S,0.0,0.0,,,0,False,0.0,,,,
50,Acidobacteriota,Pyruvate oxidation,0.0,0.0,,,0,False,0.0,,,,
51,Acidobacteriota,"Isoleucine, leucine, valine biosynthesis",0.0,0.0,,,0,False,0.0,,,,
52,Acidobacteriota,Unknown,0.0,0.0,,,0,False,0.0,,,,
53,Acidobacteriota,Biotin biosynthesis,-0.014796522540927,0.1046272142666913,,,1,False,-0.0004027027027024,-0.0396036456041478,0.0100106005222937,-0.9999999999999959,0.32222340595067755
54,Acidobacteriota,23S rRNA modification,-0.3098477646758201,0.7001229231031982,,,15,True,-0.0008054054054052,-0.4758469804107659,-0.1438485489408744,-3.1293855451362114,0.0029490629300370024
55,Acidobacteriota,Ubiquinone biosynthesis,3.987924311748214,0.946181181003566,,,50,True,-0.0065774774774773,3.7635846582291057,4.212263965267322,29.80283671151593,4.630506667080348e-33
56,Acidobacteriota,Riboflavin/FAD biosynthesis,-0.3355816561481378,0.665081493688634,,,17,True,-0.0088594594594589,-0.4932725454319702,-0.1778907668643054,-3.5678644941404984,0.0008163843415868734
57,Acidobacteriota,NAD biosynthesis,-0.0499320142960876,0.1671945570672033,,,6,True,-0.0089936936936938,-0.0895738606525686,-0.0102901679396065,-2.111747327568537,0.03983106345879879
58,Acidobacteriota,Glutamine biosynthesis,-0.6234557399301076,0.7969523820522606,,,25,True,-0.0131549549549544,-0.8124132301553949,-0.4344982497048203,-5.53169538610334,1.2217077643899535e-06
59,Acidobacteriota,Pantothenate/CoA biosynthesis,-0.1081461099505293,0.2833178251768223,,,12,True,-0.0159738738738736,-0.1753207948967479,-0.0409714250043107,-2.6991188308479637,0.009513241385720522
60,Acidobacteriota,Fatty acid biosynthesis,-0.218923332396535,0.3970970810510021,,,15,True,-0.0213432432432429,-0.3130750903948748,-0.1247715743981953,-3.8983457770031835,0.0002944436739230671
61,Acidobacteriota,Ribosome 50S subunit,-0.0886775574821487,0.1825648843627239,,,17,True,-0.0269810810810811,-0.1319637099918077,-0.0453914049724898,-3.4346420152795947,0.0012167510425590306
62,Acidobacteriota,Cobalamine/B12 biosynthesis,-2.3141689033167725,1.343203336338,,,50,True,-0.0349009009009007,-2.63264254993926,-1.9956952566942856,-12.182552559819994,1.9356242454248364e-16
63,Acidobacteriota,Unannotated,0.1456025506525211,0.3527899110705048,,,9,True,-0.0386594594594593,0.0619560271287186,0.2292490741763236,2.9183530394064943,0.005300580431343259
64,Acidobacteriota,Heme biosynthesis,-0.3592757269647116,0.5882828999081988,,,22,True,-0.1551747747747747,-0.4987576619115071,-0.2197937920179162,-4.318437658006342,7.633619903400161e-05
65,Acidobacteriota,Menaquinone biosynthesis,0.9110921510231282,0.7565116371726337,,,40,True,-0.2859189189189186,0.7317231654907026,1.090461136555554,8.515922381340427,3.1404394345998043e-11
66,Acidobacteriota,Glycolysis,-1.4009262914683407,1.027743272818072,,,44,True,-0.3422972972972968,-1.6446043251891695,-1.1572482577475118,-9.638637457811308,6.73297605805079e-13
67,Acidobacteriota,Molybdopterin biosynthesis,1.4191986031961683,0.9668768457048968,,,46,True,-0.3953198198198192,1.1899520054874495,1.6484452009048869,10.379035971627513,5.770337687578779e-14
68,Acidobacteriota,Pyrimidine salvagetRNA modification,3.428810254646196,1.5596162229456658,,,50,True,-1.0212540540540542,3.0590250907653127,3.7985954185270794,15.545715329140714,1.4110111374775065e-20
69,Acidobacteriota,Arginine biosynthesis,4.180701633675636,0.9666160643699944,,,50,True,-1.0961567567567565,3.951516867247744,4.409886400103527,30.58300585161976,1.3906924888895587e-33
0,Spirochaetota,Thymidylate biosynthesis,6.470455278479249,0.950744768906134,,,50,True,0.6460615384615388,6.245033597807814,6.695876959150684,48.12335502030706,6.465109809707922e-43
1,Spirochaetota,Glycolysis,-5.915159782577484,1.2915140776892653,,,50,True,0.5165653846153848,-6.221377900757081,-5.608941664397888,-32.38562913341172,9.568602426183246e-35
2,Spirochaetota,2Fe2S,1.9949025415795487,0.991613485015398,,,46,True,0.3197076923076922,1.7597908841935084,2.23001419896559,14.22539261792384,5.036682028031039e-19
3,Spirochaetota,Lipoate biosynthesis,1.432695276578129,1.605630507379496,,,30,True,0.1416115384615389,1.052000121213515,1.813390431942742,6.309474943246635,7.788945686196666e-08
4,Spirochaetota,tRNA modification,3.3631201358699108,1.97630774000042,,,46,True,0.126623076923077,2.894537371236426,3.831702900503395,12.03296938976787,3.055911883802855e-16
5,Spirochaetota,Purine salvage,-1.1123042804586103,1.0493266485694774,,,36,True,0.10935,-1.3610997347486238,-0.8635088261685969,-7.495453398875824,1.1373936311993182e-09
6,Spirochaetota,Proline degradation,0.9871406531075116,1.4088669787621175,,,27,True,0.0797192307692307,0.6530981502384811,1.321183155976542,4.954434026202669,9.043177267552662e-06
7,Spirochaetota,Unknown,0.320826030227879,0.5346499970960107,,,26,True,0.0519576923076927,0.194060461951311,0.4475915985044469,4.243117231599929,9.762364096702372e-05
8,Spirochaetota,Riboflavin/FAD biosynthesis,-0.4766722341987428,0.725233728186505,,,22,True,0.0446192307692311,-0.6486252243535094,-0.3047192440439761,-4.6475798919075295,2.5603395574044517e-05
9,Spirochaetota,Biotin biosynthesis,1.6852117371332092,1.388076804077251,,,39,True,0.039323076923077,1.356098586780425,2.0143248874859934,8.584716951986008,2.4726541631072676e-11
10,Spirochaetota,"TCA cycle, glyoxylate bypass",6.440727709505604,2.236091826806513,,,50,True,0.0369000000000001,5.9105501116689885,6.97090530734222,20.367152120365898,1.4524207316124804e-25
11,Spirochaetota,Pyrimidine salvage,-1.454429522775346,1.1456945611617777,,,41,True,0.0355846153846154,-1.7260738188679263,-1.182785226682766,-8.976537143280904,6.390207222026902e-12
12,Spirochaetota,Folate biosynthesis,0.4380588764340921,0.8515516396336503,,,15,True,0.0174461538461541,0.2361558967252601,0.639961856142924,3.637529277951566,0.0006607334890792126
13,Spirochaetota,TCA cycle,1.384878700088781,1.1289713972485578,,,41,True,0.0129807692307693,1.1171994678479842,1.6525579323295778,8.673887773774943,1.814946513915401e-11
14,Spirochaetota,Histidine biosynthesis,1.1899705831994114,0.7978665248206787,,,44,True,0.0099000000000003,1.0007963496314627,1.37914481676736,10.54607810475478,3.345615876610927e-14
15,Spirochaetota,Lysine biosynthesis,0.0698049483352989,0.230253489357839,,,7,True,0.00945,0.0152118227678304,0.1243980739027673,2.1437048561534002,0.03704563889769482
16,Spirochaetota,NADH dehydrogenase,0.0139686980390491,0.098773611077589,,,1,False,0.002076923076923,-0.0094505351171997,0.0373879311952981,0.9999999999999948,0.322223405950678
17,Spirochaetota,Pyrimidine degradation,0.272250895728205,0.5492392220914895,,,17,True,0.0014884615384618,0.1420262207326399,0.40247557072377,3.5050383659865068,0.0009863256741315671
18,Spirochaetota,Thiamine biosynthesis,0.0192917307263668,0.1364131361743887,,,1,False,0.0011423076923078,-0.0130518376294932,0.0516352990822269,0.9999999999999982,0.32222340595067633
19,Spirochaetota,"Histidine biosynthesis, Purine biosynthesis",0.0182487873048517,0.0823242164517798,,,3,False,0.0003807692307692,-0.0012702927252917,0.0377678673349953,1.5674417331684962,0.12344741521447003
20,Spirochaetota,Heme biosynthesis,0.0,0.0,,,0,False,0.0,,,,
21,Spirochaetota,Lysine biosynthesisTCA cycle,0.0,0.0,,,0,False,0.0,,,,
22,Spirochaetota,Glycine cleavage,0.0,0.0,,,0,False,0.0,,,,
23,Spirochaetota,Translation factors,0.0,0.0,,,0,False,0.0,,,,
24,Spirochaetota,Na+-translocating NADH dehydrogenase,0.0,0.0,,,0,False,0.0,,,,
25,Spirochaetota,Pentose phosphate pathway,0.0,0.0,,,0,False,0.0,,,,
26,Spirochaetota,Cobalamine/B12 biosynthesis,0.0,0.0,,,0,False,0.0,,,,
27,Spirochaetota,Mureine biosynthesis,-0.0021322024589235,0.0150769481756747,,,1,False,0.0,-0.0057069483931736,0.0014425434753265,-0.9999999999999788,0.32222340595068566
28,Spirochaetota,Lipid A biosynthesis,0.0,0.0,,,0,False,0.0,,,,
29,Spirochaetota,Ribosome 50S subunit,0.0,0.0,,,0,False,0.0,,,,
30,Spirochaetota,Unannotated,0.0,0.0,,,0,False,0.0,,,,
31,Spirochaetota,Ribosome 30S subunit,0.0,0.0,,,0,False,0.0,,,,
32,Spirochaetota,FoF1-type ATP synthase,0.0,0.0,,,0,False,0.0,,,,
33,Spirochaetota,Threonine biosynthesis,0.0,0.0,,,0,False,0.0,,,,
34,Spirochaetota,Methionine biosynthesis,0.0,0.0,,,0,False,0.0,,,,
35,Spirochaetota,16S rRNA modification,0.0,0.0,,,0,False,0.0,,,,
36,Spirochaetota,NAD biosynthesis,0.0,0.0,,,0,False,0.0,,,,
37,Spirochaetota,Aminoacyl-tRNA synthetases,0.0,0.0,,,0,False,0.0,,,,
38,Spirochaetota,"Isoleucine, leucine, valine biosynthesis",0.0,0.0,,,0,False,0.0,,,,
39,Spirochaetota,Na+-translocating Fd:NADH oxidoreductase,0.0,0.0,,,0,False,0.0,,,,
40,Spirochaetota,Non-phosphorylated Entner-Doudoroff pathway,0.0,0.0,,,0,False,0.0,,,,
41,Spirochaetota,Menaquinone biosynthesis,0.0,0.0,,,0,False,0.0,,,,
42,Spirochaetota,Arginine biosynthesis,0.0,0.0,,,0,False,0.0,,,,
43,Spirochaetota,Urea cycle,-0.0075160323896451,0.0531463747033582,,,1,False,-0.0007269230769229,-0.0201170431961612,0.0050849784168709,-0.9999999999999928,0.3222234059506789
44,Spirochaetota,Fatty acid biosynthesis,-0.0080342573139198,0.0399339431230902,,,2,False,-0.0013499999999998,-0.0175025992591525,0.0014340846313128,-1.4226188009932463,0.16118202079309485
45,Spirochaetota,Pyruvate oxidation,0.0188055066329903,0.095954843883572,,,2,False,-0.0015230769230768,-0.0039453965370438,0.0415564098030244,1.3858082328778238,0.17208062029738697
46,Spirochaetota,RNA polymerase,-0.0747940836909414,0.3268516315617052,,,5,False,-0.0055730769230766,-0.1522906385251173,0.0027024711432344,-1.6180859651151653,0.11206406650679146
47,Spirochaetota,Archaeal ribosomal proteins,0.0434747114527205,0.2093873139854063,,,3,False,-0.0069230769230766,-0.0061710418278086,0.0931204647332497,1.4681530935770877,0.14845310371463857
48,Spirochaetota,23S rRNA modification,-0.1175446694465049,0.3118191897962742,,,10,True,-0.0093807692307688,-0.1914770308207918,-0.043612308072218,-2.665539375952414,0.010380966671738856
49,Spirochaetota,Pyridoxal phosphate biosynthesis,0.0890296141049373,0.5050630851328919,,,2,False,-0.0107307692307691,-0.0307208943588087,0.2087801225686834,1.2464471412211484,0.21852630761008168
50,Spirochaetota,CRISPR-Cas system,-0.0627149042258806,0.3185536305986999,,,5,False,-0.0212538461538461,-0.1382440021941661,0.0128141937424047,-1.3921088884229476,0.1701758604058145
51,Spirochaetota,Asparagine biosynthesis,0.1708285528753433,0.5294372272983087,,,7,True,-0.0234,0.0452989328439633,0.2963581729067231,2.281555242627077,0.026898088577538094
52,Spirochaetota,Pantothenate/CoA biosynthesis,0.2197664747309834,0.476075771704153,,,17,True,-0.0251653846153846,0.1068888612070369,0.3326440882549298,3.264151922780674,0.0020053722736897896
53,Spirochaetota,Cysteine biosynthesis,-0.1265109077879804,0.629615605234779,,,3,False,-0.0310153846153844,-0.2757928313396407,0.0227710157636797,-1.4208148598475288,0.16170329396645872
54,Spirochaetota,A/V-type ATP synthase,0.9290296049134662,1.2727312676445923,,,25,True,-0.0348923076923074,0.6272648928913116,1.2307943169356208,5.161522705206418,4.435468835969384e-06
55,Spirochaetota,Pyrimidine salvagetRNA modification,0.8515704416233807,1.4670487972124928,,,20,True,-0.0358961538461538,0.503733023727162,1.1994078595195994,4.104507192085565,0.00015284852911176243
56,Spirochaetota,Purine biosynthesis,-0.6350527159313435,0.7376682599415659,,,30,True,-0.0934269230769229,-0.8099539348203193,-0.4601514970423677,-6.087425828536509,1.7160252904255905e-07
57,Spirochaetota,Phospholipid biosynthesis,-9.351143230083492,1.5381157610413787,,,50,True,-0.097407692307692,-9.715830632276711,-8.986455827890273,-42.98933121497888,1.4347439057876473e-40
58,Spirochaetota,Glycine cleavagePyruvate oxidation,-1.144124098724966,1.168093345305351,,,36,True,-0.1387038461538459,-1.4210791487988177,-0.8671690486511145,-6.925969675102337,8.638480628560577e-09
59,Spirochaetota,Ubiquinone biosynthesis,-0.395326290600117,0.631924507688406,,,20,True,-0.1473230769230769,-0.5451556551565823,-0.2454969260436519,-4.423596449633237,5.400741757825824e-05
60,Spirochaetota,Isoprenoid biosynthesis,-1.7474072164826062,1.5329184467821273,,,39,True,-0.1484307692307687,-2.110862334940364,-1.3839520980248488,-8.060464631128388,1.5444998819571126e-10
61,Spirochaetota,Gluconeogenesis,1.9816586546640484,1.1833504662598964,,,46,True,-0.1672961538461536,1.7010861396718908,2.262231169656206,11.841329451102846,5.508749459190493e-16
62,Spirochaetota,3D,1.206333806873032,1.3138099733114157,,,35,True,-0.2014269230769227,0.8948293295909786,1.5178382841550857,6.492619423983575,4.054821634277808e-08
63,Spirochaetota,Proline biosynthesis,2.5021759334750464,1.2663927423726444,,,48,True,-0.2371499999999996,2.2019140864346523,2.802437780515441,13.971223231800197,1.0265900290584074e-18
64,Spirochaetota,Entner-Doudoroff pathway,-2.8798757262507158,1.6163036573847835,,,48,True,-0.2497846153846151,-3.263101486558881,-2.4966499659425496,-12.598991815073434,5.511768759625708e-17
65,Spirochaetota,Serine biosynthesis,-1.7705902921104402,1.4613747075762056,,,41,True,-0.2745692307692307,-2.1170823827811787,-1.4240982014397017,-8.567251066845737,2.6272769546972087e-11
66,Spirochaetota,Molybdopterin biosynthesis,2.586654058535807,1.8153152584736445,,,46,True,-0.358407692307692,2.15624262752216,3.0170654895494544,10.075608723259839,1.566833663708e-13
67,Spirochaetota,Glutamine biosynthesis,-1.7561026200535677,1.297617210419262,,,46,True,-0.3962769230769229,-2.063767791619469,-1.4484374484876668,-9.56947905074509,8.497781566678116e-13
68,Spirochaetota,Aromatic amino acid biosynthesis,-3.493448382868371,2.233876993329293,,,47,True,-0.4488576923076922,-4.023100843463984,-2.9637959222727592,-11.058088912809124,6.432193537224258e-15
69,Spirochaetota,Pyrimidine biosynthesis,-1.614696324595296,1.0203831051916217,,,47,True,-0.5430461538461537,-1.856629261828992,-1.3727633873616,-11.18954944343098,4.2347573366254265e-15
0,Cloacimonadota,"TCA cycle, glyoxylate bypass",7.390362228836947,0.8506395595475226,,,50,True,0.3485818181818184,7.188675503408597,7.592048954265297,61.433484826584596,4.988986932483923e-48
1,Cloacimonadota,Ubiquinone biosynthesis,-2.981729188315622,1.1333965839116755,,,50,True,0.0565090909090908,-3.250457632760902,-2.713000743870342,-18.602499413251646,7.480537985307366e-24
2,Cloacimonadota,Isoprenoid biosynthesis,-2.395663623658891,0.5674434640546934,,,50,True,0.0550545454545455,-2.530204526261384,-2.2611227210563984,-29.853017983970698,4.282125940998957e-33
3,Cloacimonadota,Lysine biosynthesis,-0.1588254866277522,0.348621737625821,,,13,True,0.0415272727272728,-0.241483735807104,-0.0761672374484004,-3.221445093601037,0.002268129338612172
4,Cloacimonadota,Translation factors,-0.5988885547079126,0.750178585489842,,,30,True,0.0180363636363637,-0.7767559730471192,-0.421021136368706,-5.645031281884144,8.204865497494628e-07
5,Cloacimonadota,Proline degradation,0.3300277283423103,0.4720383283587766,,,25,True,0.0141818181818181,0.2181073930430735,0.4419480636415471,4.943768983798885,9.37920336268157e-06
6,Cloacimonadota,RNA polymerase,0.0803747494297715,0.2700173857647451,,,5,True,0.0126545454545454,0.0163536000106413,0.1443958988489016,2.104810036472159,0.040459374550812964
7,Cloacimonadota,Thymidylate biosynthesis,0.0744401541020166,0.3011541016354853,,,6,True,0.0101090909090909,0.0030364862071375,0.1458438219968956,1.7478472805865728,0.08675453096100051
8,Cloacimonadota,NADH dehydrogenase,1.785746442362843,0.8623990529377163,,,50,True,0.0097454545454546,1.5812715398647292,1.990221344860957,14.641869266590133,1.5949581049105643e-19
9,Cloacimonadota,Glycine cleavagePyruvate oxidation,-0.4029266886504614,0.5857295026905031,,,25,True,0.0013818181818181,-0.5418032128592132,-0.2640501644417097,-4.864228155779415,1.2303974896783056e-05
10,Cloacimonadota,tRNA modification,-0.0567707464907403,0.2001816681662169,,,5,True,0.0010181818181818,-0.1042338402183643,-0.0093076527631163,-2.005327470010537,0.050467493771480666
11,Cloacimonadota,Pyrimidine degradation,-0.1757737823630956,0.3981019369345565,,,12,True,0.0010181818181818,-0.2701637917928516,-0.0813837729333396,-3.1220856251243334,0.0030105830742504533
12,Cloacimonadota,Pyrimidine salvagetRNA modification,0.0,0.0,,,0,False,0.0,,,,
13,Cloacimonadota,Cysteine biosynthesis,0.0,0.0,,,0,False,0.0,,,,
14,Cloacimonadota,Molybdopterin biosynthesis,0.0,0.0,,,0,False,0.0,,,,
15,Cloacimonadota,3D,0.0,0.0,,,0,False,0.0,,,,
16,Cloacimonadota,Glycolysis,0.0,0.0,,,0,False,0.0,,,,
17,Cloacimonadota,Na+-translocating NADH dehydrogenase,0.0,0.0,,,0,False,0.0,,,,
18,Cloacimonadota,Riboflavin/FAD biosynthesis,0.0,0.0,,,0,False,0.0,,,,
19,Cloacimonadota,Fatty acid biosynthesis,-0.0044968648478723,0.0317976362800993,,,1,False,0.0,-0.0120360876193905,0.0030423579236459,-0.9999999999999953,0.3222234059506778
20,Cloacimonadota,Archaeal ribosomal proteins,0.0,0.0,,,0,False,0.0,,,,
21,Cloacimonadota,Thiamine biosynthesis,0.0,0.0,,,0,False,0.0,,,,
22,Cloacimonadota,A/V-type ATP synthase,0.0,0.0,,,0,False,0.0,,,,
23,Cloacimonadota,Biotin biosynthesis,-0.1169025001559378,0.3715767569782648,,,7,True,0.0,-0.2050033867407278,-0.0288016135711478,-2.2246426625323164,0.030742587014336402
24,Cloacimonadota,Pentose phosphate pathway,0.0,0.0,,,0,False,0.0,,,,
25,Cloacimonadota,Folate biosynthesis,0.0,0.0,,,0,False,0.0,,,,
26,Cloacimonadota,Cobalamine/B12 biosynthesis,0.0,0.0,,,0,False,0.0,,,,
27,Cloacimonadota,Mureine biosynthesis,-0.0169155766487984,0.0942114791393455,,,2,False,0.0,-0.0392531278620092,0.0054219745644124,-1.2696031381011241,0.2102228044741029
28,Cloacimonadota,Lipid A biosynthesis,0.0,0.0,,,0,False,0.0,,,,
29,Cloacimonadota,Pyridoxal phosphate biosynthesis,0.0,0.0,,,0,False,0.0,,,,
30,Cloacimonadota,"Histidine biosynthesis, Purine biosynthesis",0.0,0.0,,,0,False,0.0,,,,
31,Cloacimonadota,Histidine biosynthesis,0.0,0.0,,,0,False,0.0,,,,
32,Cloacimonadota,Urea cycle,0.0,0.0,,,0,False,0.0,,,,
33,Cloacimonadota,Ribosome 50S subunit,0.0,0.0,,,0,False,0.0,,,,
34,Cloacimonadota,Unannotated,0.0,0.0,,,0,False,0.0,,,,
35,Cloacimonadota,Ribosome 30S subunit,0.0065319569590345,0.0461879106015195,,,1,False,0.0,-0.0044192013065803,0.0174831152246493,1.0000000000000009,0.32222340595067545
36,Cloacimonadota,Lysine biosynthesisTCA cycle,-0.0887404069672287,0.3262217564826527,,,6,True,0.0,-0.1660876183565846,-0.0113931955778728,-1.9235057835610088,0.06023661235749114
37,Cloacimonadota,Asparagine biosynthesis,0.0,0.0,,,0,False,0.0,,,,
38,Cloacimonadota,Unknown,-0.0110260276164651,0.0723613010742744,,,2,False,0.0,-0.0281828994049914,0.0061308441720612,-1.0774514528352541,0.28655461335005156
39,Cloacimonadota,Non-phosphorylated Entner-Doudoroff pathway,0.0,0.0,,,0,False,0.0,,,,
40,Cloacimonadota,Phospholipid biosynthesis,0.0,0.0,,,0,False,0.0,,,,
41,Cloacimonadota,Gluconeogenesis,-0.0166360210441823,0.0855956838217467,,,2,False,0.0,-0.0369307663179518,0.0036587242295871,-1.374303325480853,0.17560105157815506
42,Cloacimonadota,Arginine biosynthesis,0.0,0.0,,,0,False,0.0,,,,
43,Cloacimonadota,Purine salvage,0.0,0.0,,,0,False,0.0,,,,
44,Cloacimonadota,Lipoate biosynthesis,0.0215072564693833,0.0860170010920865,,,3,True,0.0,0.0011126168282903,0.0419018961104762,1.7680140787445209,0.08328434766063987
45,Cloacimonadota,Glutamine biosynthesis,0.0034679564306474,0.024522155089703,,,1,False,0.0,-0.0023462490162743,0.0092821618775692,0.9999999999999885,0.322223405950681
46,Cloacimonadota,Na+-translocating Fd:NADH oxidoreductase,0.0,0.0,,,0,False,0.0,,,,
47,Cloacimonadota,Menaquinone biosynthesis,0.0,0.0,,,0,False,0.0,,,,
48,Cloacimonadota,Aromatic amino acid biosynthesis,0.0,0.0,,,0,False,0.0,,,,
49,Cloacimonadota,Threonine biosynthesis,0.0,0.0,,,0,False,0.0,,,,
50,Cloacimonadota,Pantothenate/CoA biosynthesis,0.0466445918903137,0.1214335496555034,,,9,True,0.0,0.0178526850100516,0.0754364987705757,2.7161115955919084,0.00910000745411341
51,Cloacimonadota,"Isoleucine, leucine, valine biosynthesis",0.0,0.0,,,0,False,0.0,,,,
52,Cloacimonadota,Aminoacyl-tRNA synthetases,-0.0078939597311707,0.0558187245632439,,,1,False,0.0,-0.0211285849592004,0.0053406654968588,-0.9999999999999906,0.3222234059506801
53,Cloacimonadota,Entner-Doudoroff pathway,0.0,0.0,,,0,False,0.0,,,,
54,Cloacimonadota,Proline biosynthesis,0.0,0.0,,,0,False,0.0,,,,
55,Cloacimonadota,TCA cycle,0.0,0.0,,,0,False,0.0,,,,
56,Cloacimonadota,2Fe2S,0.0041301731289058,0.0292047342692378,,,1,False,0.0,-0.0027942723141215,0.0110546185719332,0.9999999999999906,0.3222234059506801
57,Cloacimonadota,FoF1-type ATP synthase,0.0,0.0,,,0,False,0.0,,,,
58,Cloacimonadota,Pyruvate oxidation,-0.1073359046681022,0.360969336234753,,,7,True,0.0,-0.1929217707239415,-0.021750038612263,-2.1026147774017114,0.04065999540481535
59,Cloacimonadota,Serine biosynthesis,-0.2994380800629579,0.4792847129270932,,,18,True,-0.0024727272727272,-0.4130765338747592,-0.1857996262511566,-4.417722728206566,5.506567209417752e-05
60,Cloacimonadota,CRISPR-Cas system,-0.0233618302766118,0.1265259169140853,,,3,False,-0.0036363636363635,-0.0533611379478837,0.00663747739466,-1.305606709867867,0.19778330125519974
61,Cloacimonadota,Pyrimidine biosynthesis,-0.0860176870261339,0.2412417752939185,,,8,True,-0.0036363636363635,-0.1432161362981537,-0.0288192377541141,-2.5212751698604627,0.014995891345443817
62,Cloacimonadota,23S rRNA modification,-0.0547470430471009,0.2055322170520966,,,8,True,-0.0067636363636363,-0.1034787524556267,-0.0060153336385752,-1.883500598774959,0.06557434345981775
63,Cloacimonadota,16S rRNA modification,-0.2693176275819266,0.5777263032165351,,,14,True,-0.0107636363636363,-0.4062965923875945,-0.1323386627762587,-3.296306913775343,0.001826822932426211
64,Cloacimonadota,Purine biosynthesis,-0.1180136739664743,0.2420677185136577,,,15,True,-0.0161454545454545,-0.1754079544592612,-0.0606193934736874,-3.447310927984149,0.0011718144163699277
65,Cloacimonadota,NAD biosynthesis,-0.2871752171253924,0.4871009432397536,,,16,True,-0.0197090909090909,-0.4026668999332597,-0.1716835343175251,-4.168818521834297,0.0001242321407017408
66,Cloacimonadota,Heme biosynthesis,-0.7108536701481442,0.7541237367426382,,,32,True,-0.0272727272727272,-0.8896564842475941,-0.5320508560486943,-6.665344506516157,2.189480645747462e-08
67,Cloacimonadota,Methionine biosynthesis,-1.530931024809039,1.226204595896905,,,38,True,-0.1436363636363636,-1.821664258263629,-1.2401977913544489,-8.828312279970918,1.0642864253219473e-11
68,Cloacimonadota,Glycine cleavage,-2.697888484156166,1.2203569041780942,,,49,True,-0.1526545454545454,-2.9872352293139874,-2.408541738998345,-15.632273112075737,1.1241182593396411e-20
69,Cloacimonadota,Pyrimidine salvage,-2.9042119004532343,1.2961998449418064,,,50,True,-0.1616727272727272,-3.2115410145213685,-2.5968827863851005,-15.843142836553492,6.484129247440637e-21
0,Planctomycetota,Glycolysis,9.853080742349375,1.3885280728524898,,,50,True,0.2051333333333333,9.523860596124434,10.18230088857432,50.17673279144413,8.684431696051464e-44
1,Planctomycetota,Glycine cleavagePyruvate oxidation,4.412243250189749,1.2412966156316891,,,50,True,0.0552100558659217,4.117931697332723,4.706554803046775,25.134420598303414,1.1802300335351928e-29
2,Planctomycetota,CRISPR-Cas system,-0.6121615435835502,0.9952203957560966,,,19,True,0.0503564245810056,-0.8481283998702756,-0.376194687296825,-4.349424313402402,6.895783498322233e-05
3,Planctomycetota,Urea cycle,0.4406596731512559,0.5128058073426017,,,31,True,0.016381005586592,0.3190733644700729,0.5622459818324389,6.076246380582181,1.785533558403398e-07
4,Planctomycetota,2Fe2S,1.607386827303945,1.3247001154143216,,,39,True,0.0151001862197392,1.293300296230092,1.9214733583777983,8.5800107688604,2.5133916690027666e-11
5,Planctomycetota,Aromatic amino acid biosynthesis,-0.1537044842309852,0.4448704354250817,,,9,True,0.0148979515828677,-0.2591833093734412,-0.0482256590885292,-2.4430817254614703,0.018212766164307437
6,Planctomycetota,Cysteine biosynthesis,-0.1235338997730438,0.4383408549934167,,,5,True,0.01476312849162,-0.2274645607360864,-0.0196032388100013,-1.9927793004202285,0.051870609336226225
7,Planctomycetota,Translation factors,0.025090666616916,0.1048916476836224,,,3,True,0.0135497206703909,0.0002208463638502,0.0499604868699819,1.6914388229295025,0.09710455945395818
8,Planctomycetota,Purine biosynthesis,-0.0095845112532208,0.0552203729587799,,,3,False,0.0135497206703909,-0.0226772672554372,0.0035082447489955,-1.2273138587039611,0.22556860611438326
9,Planctomycetota,Pyrimidine biosynthesis,-0.3266663682858004,0.562020068796487,,,23,True,0.0080219739292365,-0.4599213833251601,-0.1934113532464408,-4.109960071267751,0.00015019288481910018
10,Planctomycetota,NAD biosynthesis,-0.1045965806981439,0.4124866243843263,,,7,True,0.0037076350093109,-0.2023972009741644,-0.0067959604221235,-1.7930509046439247,0.07913818184236009
11,Planctomycetota,Asparagine biosynthesis,-1.563820156913936,1.2843998062776507,,,46,True,0.0033705772811916,-1.868351480623757,-1.259288833204115,-8.609374060206104,2.269841536230851e-11
12,Planctomycetota,Riboflavin/FAD biosynthesis,0.2745467616666923,0.5245630420368508,,,19,True,0.0019549348230911,0.1501728114527818,0.3989207118806027,3.7008683679565637,0.0005442359453207502
13,Planctomycetota,Biotin biosynthesis,-0.4813718862165714,0.7676129176455744,,,23,True,0.0010111731843574,-0.6633729864696433,-0.2993707859634996,-4.434283441455309,5.2132658150950204e-05
14,Planctomycetota,"TCA cycle, glyoxylate bypass",0.1664418879513438,0.3625569515744879,,,12,True,0.0002022346368715,0.0804795981382068,0.2524041777644807,3.246171039688551,0.0021122866815491523
15,Planctomycetota,Thiamine biosynthesis,-0.1022629724525083,0.4209227781177583,,,7,True,0.0002022346368715,-0.2020638056302319,-0.0024621392747848,-1.7179122880641988,0.09212674734053501
16,Planctomycetota,Pyrimidine degradation,0.0,0.0,,,0,False,0.0,,,,
17,Planctomycetota,Entner-Doudoroff pathway,-0.062627676710051,0.2156647662770851,,,4,True,0.0,-0.1137618145625543,-0.0114935388575477,-2.0533931274958195,0.045392029783879226
18,Planctomycetota,RNA polymerase,0.0330795204699736,0.1390305035368436,,,3,True,0.0,0.0001153740482905,0.0660436668916568,1.68241879642757,0.09885043096322882
19,Planctomycetota,23S rRNA modification,-0.0223680917920944,0.1478271728925529,,,2,False,0.0,-0.0574179294059115,0.0126817458217225,-1.069940598802448,0.28988835027066545
20,Planctomycetota,Na+-translocating NADH dehydrogenase,0.0,0.0,,,0,False,0.0,,,,
21,Planctomycetota,Fatty acid biosynthesis,0.0,0.0,,,0,False,0.0,,,,
22,Planctomycetota,A/V-type ATP synthase,0.0,0.0,,,0,False,0.0,,,,
23,Planctomycetota,Pyridoxal phosphate biosynthesis,0.0,0.0,,,0,False,0.0,,,,
24,Planctomycetota,Pyrimidine salvagetRNA modification,0.0,0.0,,,0,False,0.0,,,,
25,Planctomycetota,Lipid A biosynthesis,0.0,0.0,,,0,False,0.0,,,,
26,Planctomycetota,Mureine biosynthesis,-0.0193031156617575,0.1220164848407444,,,2,False,0.0,-0.048233236533279,0.0096270052097639,-1.1186491727140062,0.26874401884944815
27,Planctomycetota,Pentose phosphate pathway,0.0,0.0,,,0,False,0.0,,,,
28,Planctomycetota,Heme biosynthesis,0.0,0.0,,,0,False,0.0,,,,
29,Planctomycetota,Pyrimidine salvage,0.0,0.0,,,0,False,0.0,,,,
30,Planctomycetota,3D,-0.0012341077901272,0.0067346880903375,,,2,False,0.0,-0.0028309030161146,0.0003626874358601,-1.2957481852294013,0.2011329941218369
31,Planctomycetota,Glutamine biosynthesis,0.0,0.0,,,0,False,0.0,,,,
32,Planctomycetota,Pyruvate oxidation,-0.0184062555626251,0.1101507902124636,,,2,False,0.0,-0.0445230190401128,0.0077105079148624,-1.1815791879005646,0.24307563678543906
33,Planctomycetota,Non-phosphorylated Entner-Doudoroff pathway,0.0,0.0,,,0,False,0.0,,,,
34,Planctomycetota,Phospholipid biosynthesis,0.0,0.0,,,0,False,0.0,,,,
35,Planctomycetota,Gluconeogenesis,0.0,0.0,,,0,False,0.0,,,,
36,Planctomycetota,Isoprenoid biosynthesis,0.0,0.0,,,0,False,0.0,,,,
37,Planctomycetota,Unannotated,0.0,0.0,,,0,False,0.0,,,,
38,Planctomycetota,Ribosome 50S subunit,0.0,0.0,,,0,False,0.0,,,,
39,Planctomycetota,Arginine biosynthesis,0.0,0.0,,,0,False,0.0,,,,
40,Planctomycetota,Serine biosynthesis,0.0,0.0,,,0,False,0.0,,,,
41,Planctomycetota,Purine salvage,-0.0207877072682772,0.1469912877471972,,,1,False,0.0,-0.05563935642976,0.0140639418932055,-0.9999999999999981,0.32222340595067633
42,Planctomycetota,Cobalamine/B12 biosynthesis,0.0,0.0,,,0,False,0.0,,,,
43,Planctomycetota,Na+-translocating Fd:NADH oxidoreductase,0.0,0.0,,,0,False,0.0,,,,
44,Planctomycetota,tRNA modification,0.0,0.0,,,0,False,0.0,,,,
45,Planctomycetota,Menaquinone biosynthesis,0.0,0.0,,,0,False,0.0,,,,
46,Planctomycetota,Pantothenate/CoA biosynthesis,-0.0894066673842047,0.2353681336112183,,,11,True,0.0,-0.145212475620398,-0.0336008591480114,-2.686007651957182,0.009843794068034829
47,Planctomycetota,Ubiquinone biosynthesis,0.0,0.0,,,0,False,0.0,,,,
48,Planctomycetota,Methionine biosynthesis,0.0,0.0,,,0,False,0.0,,,,
49,Planctomycetota,Threonine biosynthesis,0.0,0.0,,,0,False,0.0,,,,
50,Planctomycetota,Unknown,0.0,0.0,,,0,False,0.0,,,,
51,Planctomycetota,Histidine biosynthesis,0.0,0.0,,,0,False,0.0,,,,
52,Planctomycetota,Lipoate biosynthesis,-0.035992040538808,0.1691170358368193,,,3,False,-0.001617877094972,-0.0760897068056111,0.0041056257279951,-1.5048877724115932,0.13877216612157003
53,Planctomycetota,Proline biosynthesis,0.0095432244979452,0.0674807875688266,,,1,False,-0.0087635009310986,-0.0064564770458229,0.0255429260417133,0.9999999999999966,0.322223405950677
54,Planctomycetota,NADH dehydrogenase,-0.4674288925966623,0.7836484309131455,,,21,True,-0.0187404096834263,-0.653232014664026,-0.2816257705292986,-4.217734977054414,0.00010602178654859956
55,Planctomycetota,Lysine biosynthesisTCA cycle,-0.3570822286695856,0.5424865672252972,,,21,True,-0.0219087523277467,-0.4857058485147947,-0.2284586088243766,-4.654405852386884,2.5022895483062595e-05
56,Planctomycetota,Folate biosynthesis,1.4915575654542583,1.3785061958143645,,,35,True,-0.0262230912476723,1.1647136072866178,1.8184015236218996,7.650966475632968,6.552821585643406e-10
57,Planctomycetota,FoF1-type ATP synthase,-0.3146710699918544,0.7358423515135863,,,14,True,-0.0264927374301676,-0.4891393658082575,-0.1402027741754513,-3.0238276850576016,0.003965081792097548
58,Planctomycetota,Aminoacyl-tRNA synthetases,-1.586398349406874,1.6306263034763049,,,38,True,-0.0406491620111732,-1.9730200105490008,-1.199776688264747,-6.879277171828396,1.0204350209178233e-08
59,Planctomycetota,"Isoleucine, leucine, valine biosynthesis",-0.401883193048313,0.8057287292077352,,,15,True,-0.0548729981378026,-0.5929215560700074,-0.2108448300266187,-3.5269231535133443,0.0009236171378965146
60,Planctomycetota,Molybdopterin biosynthesis,-0.5155824144023085,0.6911103806601036,,,31,True,-0.058378398510242,-0.6794447554143122,-0.3517200733903048,-5.275160548683841,2.991571560116983e-06
61,Planctomycetota,Thymidylate biosynthesis,2.833615489541212,1.6027956387182107,,,49,True,-0.0718607076350092,2.453592481822328,3.213638497260096,12.501086723271879,7.390521429821385e-17
62,Planctomycetota,16S rRNA modification,-1.420802918875426,1.2469281433072932,,,38,True,-0.1029374301675979,-1.7164497075127585,-1.1251561302380932,-8.057075173568085,1.5630136322495165e-10
63,Planctomycetota,"Histidine biosynthesis, Purine biosynthesis",-1.9544039161690188,1.9356695813345968,,,34,True,-0.1421709497206702,-2.413351369281008,-1.4954564630570295,-7.139504983840382,4.03440730142532e-09
64,Planctomycetota,Proline degradation,4.016166861454504,1.869329679332432,,,49,True,-0.1847750465549348,3.572948605803272,4.459385117105737,15.191856490104694,3.6054824629588175e-20
65,Planctomycetota,Ribosome 30S subunit,-5.311001862162119,1.5656033554684614,,,50,True,-0.2069534450651768,-5.68220657576847,-4.939797148555767,-23.987208627982966,9.836703623609129e-29
66,Planctomycetota,Lysine biosynthesis,4.89453662945848,1.2199613219951266,,,50,True,-0.4449836126629423,4.605283676876168,5.183789582040791,28.369424333846744,4.55217921781473e-32
67,Planctomycetota,TCA cycle,-9.704771285840495,0.9925977432128648,,,50,True,-0.5079459962756052,-9.940116310944504,-9.46942626073649,-69.13484977177373,1.6325905733212217e-50
68,Planctomycetota,Glycine cleavage,8.395866933161894,1.340210996655132,,,50,True,-0.6438476722532586,8.078102770580248,8.71363109574354,44.29731182026967,3.4248826938175223e-41
69,Planctomycetota,Archaeal ribosomal proteins,-5.573454811476318,1.045842009598327,,,50,True,-0.6845642458100555,-5.821424057514548,-5.325485565438088,-37.68282069052966,7.57715414601908e-38
0,Firmicutes_A,Gluconeogenesis,-4.313660337815873,0.199411961300366,,,50,True,0.1441563067823773,-4.360940933967913,-4.266379741663832,-152.96065776167953,2.501491575676587e-67
1,Firmicutes_A,Menaquinone biosynthesis,7.350947848594482,0.803515779348464,,,50,True,0.1321066863652826,7.1604341762077865,7.541461520981178,64.68952079702251,4.0938400251299464e-49
2,Firmicutes_A,"Histidine biosynthesis, Purine biosynthesis",3.01505948952152,0.1764993160697335,,,50,True,0.1311982301016685,2.9732114838663595,3.05690749517668,120.79191343037235,2.5680374928339514e-62
3,Firmicutes_A,Lysine biosynthesisTCA cycle,-3.770487077489164,0.3487793903458395,,,50,True,0.1194057942214083,-3.8531827061443447,-3.687791448833983,-76.44193019046142,1.2418507533465434e-52
4,Firmicutes_A,Thymidylate biosynthesis,-1.6651550010432845,0.1665068707348262,,,50,True,0.0810030691634786,-1.7046337969009469,-1.6256762051856215,-70.71434276364236,5.455576854150434e-51
5,Firmicutes_A,16S rRNA modification,8.004052769760701,0.7408648740990508,,,50,True,0.0705932188630375,7.828393633332334,8.179711906189068,76.39341785984143,1.2807627211470545e-52
6,Firmicutes_A,tRNA modification,4.996835052137969,0.6853766272158722,,,50,True,0.0670503706515428,4.834332184646332,5.159337919629607,51.55261807205626,2.3635564070030166e-44
7,Firmicutes_A,NAD biosynthesis,4.749444762806107,0.5363055411175796,,,50,True,0.0626664240313193,4.622286664874922,4.876602860737291,62.62035987271003,1.9761677563163564e-48
8,Firmicutes_A,Na+-translocating Fd:NADH oxidoreductase,2.608761034726578,0.4233620687329693,,,50,True,0.0541023539102,2.508381845497777,2.709140223955379,43.571986117488095,7.541332371216254e-41
9,Firmicutes_A,Pyrimidine degradation,-3.473862881013948,0.4430169407920569,,,50,True,0.045284598361591,-3.578902242391831,-3.3688235196360656,-55.44690899823128,7.071137282061496e-46
10,Firmicutes_A,Pyrimidine salvagetRNA modification,3.790167990569784,0.6090189530715668,,,50,True,0.0374531542595155,3.645769535324952,3.9345664458146152,44.006076895494374,4.69507336060211e-41
11,Firmicutes_A,Molybdopterin biosynthesis,1.94951167993981,0.4905694529490867,,,50,True,0.0352128495015802,1.8331976131297645,2.0658257467498555,28.100260230244825,7.07245907548033e-32
12,Firmicutes_A,Pyridoxal phosphate biosynthesis,3.275644117269054,1.1326892139982347,,,50,True,0.0341469333174552,3.0070833903016494,3.544204844236458,20.44894697901114,1.2178786697135649e-25
13,Firmicutes_A,23S rRNA modification,1.6491882484164209,0.2707359009962873,,,50,True,0.0282028213181698,1.5849967389633686,1.7133797578694732,43.07342283077587,1.3068910931410395e-40
14,Firmicutes_A,Pyruvate oxidation,-4.389268030801966,0.4240695038003254,,,50,True,0.021283332589053,-4.4898149529566425,-4.288721108647289,-73.18803076409789,1.027720296718416e-51
15,Firmicutes_A,TCA cycle,1.4205963044230905,0.3841941339208241,,,50,True,0.0195503986860972,1.3295038364916796,1.5116887723545007,26.145981718532163,1.947310718974396e-30
16,Firmicutes_A,Glycolysis,2.263125015853024,0.4324228850640334,,,50,True,0.0184263098091168,2.16059750615757,2.365652525548477,37.00708497760513,1.7854936144603155e-37
17,Firmicutes_A,Riboflavin/FAD biosynthesis,-1.3069146069872295,0.3579139123550875,,,50,True,0.0166107094478929,-1.3917760317327998,-1.2220531822416596,-25.819845195500285,3.45801544120644e-30
18,Firmicutes_A,Aminoacyl-tRNA synthetases,-3.844205299101573,0.562635794568034,,,50,True,0.015974308935828,-3.9776063027835153,-3.710804295419632,-48.31302347826876,5.352567647823006e-43
19,Firmicutes_A,Isoprenoid biosynthesis,-7.647766543101325,1.2173592826638688,,,50,True,0.0147443720011709,-7.936402551895558,-7.359130534307093,-44.42228075613827,2.9931134364579106e-41
20,Firmicutes_A,Threonine biosynthesis,2.3817239189439703,0.2262127703954526,,,50,True,0.0146149049554176,2.328088848250335,2.4353589896376056,74.44907425232327,4.482382997183661e-52
21,Firmicutes_A,Proline degradation,0.891555029536384,0.3974765339909723,,,49,True,0.0141022854364209,0.797313303207677,0.9857967558650907,15.86067486440516,6.1955741250229255e-21
22,Firmicutes_A,Biotin biosynthesis,2.242593229113015,0.6404385087380754,,,50,True,0.0136089110188202,2.090745194048309,2.3944412641777206,24.760423648999943,2.3343464490197567e-29
23,Firmicutes_A,Ribosome 30S subunit,2.499715902203323,0.2983819864269947,,,50,True,0.011777127276877,2.4289695031041814,2.5704623013024643,59.238363771677946,2.8988621280391565e-47
24,Firmicutes_A,Na+-translocating NADH dehydrogenase,0.6909930504073823,0.4962916263840574,,,47,True,0.0099847085150617,0.5733222556983355,0.8086638451164292,9.845136321476604,3.3710584647593704e-13
25,Firmicutes_A,Pentose phosphate pathway,-6.851003353796347,0.4522699251848254,,,50,True,0.0099750859643637,-6.958236598707709,-6.743770108884986,-107.11282487822864,9.072800425576474e-60
26,Firmicutes_A,Purine salvage,-2.1881215349775363,0.4648208266631892,,,50,True,0.0095796866084143,-2.298330599896248,-2.0779124700588247,-33.28670934454633,2.6408141673441404e-35
27,Firmicutes_A,2Fe2S,-0.4035673916320643,0.2223912266924417,,,50,True,0.0091348623329709,-0.4562963739279865,-0.3508384093361421,-12.831677019500805,2.7585646677634523e-17
28,Firmicutes_A,Histidine biosynthesis,-7.1681008306446765,1.1689990627562126,,,50,True,0.0087442742523705,-7.445270626417546,-6.890931034871807,-43.35856945537006,9.535564976352907e-41
29,Firmicutes_A,RNA polymerase,1.7518454693923646,0.4398674839862279,,,50,True,0.0087329021470001,1.6475528445410357,1.8561380942436936,28.161704515468482,6.393615434445073e-32
30,Firmicutes_A,Folate biosynthesis,4.292983075022889,0.3823897365013424,,,50,True,0.00739624237733,4.202318429901765,4.383647720144013,79.38490901042019,1.9791328562723808e-53
31,Firmicutes_A,Fatty acid biosynthesis,-0.4167328969936087,0.2705181517235049,,,49,True,0.0072046661407086,-0.4808727780721058,-0.3525930159151116,-10.892971711150867,1.0907439798840567e-14
32,Firmicutes_A,Ubiquinone biosynthesis,-0.3260918779763834,0.343240461025736,,,35,True,0.0061964852607709,-0.4074742259306938,-0.2447095300220729,-6.717791297619425,1.815749057530596e-08
33,Firmicutes_A,Arginine biosynthesis,-0.5929536254365848,0.319980898974219,,,47,True,0.0054441767516633,-0.6688211288807677,-0.5170861219924019,-13.103329943114478,1.240291369247884e-17
34,Firmicutes_A,Entner-Doudoroff pathway,2.7211974998127144,0.2367017934519614,,,50,True,0.0052001138748716,2.6650754806936674,2.777319518931761,81.29119669961271,6.240700746929319e-54
35,Firmicutes_A,NADH dehydrogenase,-2.313061567500153,0.7480507524147862,,,50,True,0.0027148714628083,-2.4904244764024903,-2.1356986585978155,-21.86457956764985,6.297705178444889e-27
36,Firmicutes_A,Lysine biosynthesis,-0.3321629144993453,0.3974293534271109,,,38,True,0.0019555647350114,-0.4263934543115985,-0.2379323746870921,-5.90984654947614,3.2214816874849076e-07
37,Firmicutes_A,Lipoate biosynthesis,-0.4172149955014004,0.2736289871583297,,,49,True,0.0015527297717044,-0.4820924559754878,-0.352337535027313,-10.781589903742566,1.5606038236260243e-14
38,Firmicutes_A,Urea cycle,0.069393810796496,0.3033172497809744,,,38,False,0.0012216265499634,-0.0025227397420166,0.1413103613350088,1.6177396512071507,0.1121389079864324
39,Firmicutes_A,Ribosome 50S subunit,0.0529374600664562,0.4187795192132776,,,37,False,0.0008306010806947,-0.0463552062086842,0.1522301263415968,0.8938459326307099,0.3757737237912352
40,Firmicutes_A,CRISPR-Cas system,0.6154444760773934,0.3873662289187143,,,48,True,0.0008292889146905,0.5235999041018063,0.7072890480529803,11.23445798806191,3.673125078897013e-15
41,Firmicutes_A,Pyrimidine biosynthesis,-0.0687714539969981,0.1455572278262532,,,40,True,0.0005891625359114,-0.1032830874064777,-0.0342598205875184,-3.3408688939433904,0.0016041289235443196
42,Firmicutes_A,Methionine biosynthesis,-1.837222584988939,0.404721593330664,,,50,True,0.0005655435478347,-1.9331821156183695,-1.7412630543595082,-32.098918609795085,1.4512150505331515e-34
43,Firmicutes_A,Asparagine biosynthesis,-1.5400195711525158,0.3335395945189333,,,50,True,0.0002808035249109,-1.6191018426789026,-1.460937299626129,-32.64854607419415,6.550225554080523e-35
44,Firmicutes_A,FoF1-type ATP synthase,0.2432011975611488,0.4771766926504103,,,31,True,1.4871214714847389e-05,0.1300625555697228,0.3563398395525747,3.6038896835677146,0.000731966990062112
45,Firmicutes_A,Cobalamine/B12 biosynthesis,0.0,0.0,,,0,False,0.0,,,,
46,Firmicutes_A,"TCA cycle, glyoxylate bypass",-0.0303819310433649,0.265238054480996,,,33,False,-0.0001570225318427,-0.0932699005327144,0.0325060384459846,-0.8099618099047944,0.4218782857399639
47,Firmicutes_A,Mureine biosynthesis,0.223056695360557,0.2421097840230915,,,39,True,-0.0002891139096046,0.1656524411312374,0.2804609495898765,6.514602559947292,3.749034489885341e-08
48,Firmicutes_A,Proline biosynthesis,-0.0085599581072839,0.2634088359228701,,,44,False,-0.0006315892367158,-0.0710142196918689,0.0538943034773011,-0.22978744821246458,0.8192134961342942
49,Firmicutes_A,Pantothenate/CoA biosynthesis,-0.1389110120158565,0.1927338051440155,,,45,True,-0.0007763648858522,-0.1846082166691636,-0.0932138073625494,-5.096403223321515,5.5534496544264014e-06
50,Firmicutes_A,Archaeal ribosomal proteins,-2.6461195353592672,0.5818112276152976,,,50,True,-0.0009346995836992,-2.7840670361521958,-2.508172034566339,-32.159727734232156,1.3281437475069868e-34
51,Firmicutes_A,Pyrimidine salvage,-0.4167745030004416,0.387106029473222,,,43,True,-0.0010134295439547,-0.5085573816612391,-0.3249916243396442,-7.61300664053985,7.496080438876633e-10
52,Firmicutes_A,"Isoleucine, leucine, valine biosynthesis",0.291691718307943,0.4387645446182938,,,36,True,-0.0013519683730531,0.1876606004920768,0.3957228361238091,4.700862787601436,2.140081089000842e-05
53,Firmicutes_A,Non-phosphorylated Entner-Doudoroff pathway,-0.71341775994513,0.495566774639792,,,45,True,-0.0013624657010871,-0.8309166922324485,-0.5959188276578117,-10.179506813038303,1.1115436661741587e-13
54,Firmicutes_A,Thiamine biosynthesis,1.5290508891644603,0.322488504402441,,,50,True,-0.0020544145739988,1.45258883222014,1.6055129461087807,33.526846313822475,1.8839775875813473e-35
55,Firmicutes_A,3D,-0.1866119716996392,0.2174091072301482,,,36,True,-0.0022735462967097,-0.2381596929681795,-0.135064250431099,-6.06941412531171,1.829385895342132e-07
56,Firmicutes_A,Phospholipid biosynthesis,-0.0218781667578599,0.3337890458209842,,,41,False,-0.0027739189329999,-0.1010195832131414,0.0572632496974216,-0.4634723717898678,0.645078001650756
57,Firmicutes_A,Unknown,-0.160544190176092,0.4292379223350478,,,31,True,-0.0030621580652684,-0.2623165448870272,-0.0587718354651568,-2.644731037184693,0.010954504314587755
58,Firmicutes_A,Serine biosynthesis,-0.8631733261077725,0.2183209777707495,,,50,True,-0.004631071217692,-0.9149372519735294,-0.8114094002420157,-27.95680554669668,8.958140642644889e-32
59,Firmicutes_A,Unannotated,-3.0011782169462866,0.3156544541672861,,,50,True,-0.0048838818678456,-3.0760199198900544,-2.926336514002519,-67.2302716066665,6.328081390746324e-50
60,Firmicutes_A,Glutamine biosynthesis,-0.9418493144930948,0.4713850622378556,,,49,True,-0.0079609111478289,-1.0536147603291235,-0.830083868657066,-14.128322903832675,6.604610678804071e-19
61,Firmicutes_A,Lipid A biosynthesis,-0.8351750124377327,0.6469752128719175,,,45,True,-0.0081682333765016,-0.9885729007123571,-0.6817771241631083,-9.127983623217935,3.8032960662415535e-12
62,Firmicutes_A,Aromatic amino acid biosynthesis,-6.96642508074091,0.4734108951602614,,,50,True,-0.0096168646452016,-7.07867085176732,-6.8541793097145005,-104.05350754659676,3.7303312802052975e-59
63,Firmicutes_A,Translation factors,-0.7621317795286188,0.4550599125461471,,,47,True,-0.01692213017957,-0.8700265307249582,-0.6542370283322794,-11.84258456094629,5.487446149880828e-16
64,Firmicutes_A,Cysteine biosynthesis,0.7175743165455063,0.232235424221487,,,50,True,-0.0171167681368683,0.6625112740218195,0.7726373590691931,21.84859036624455,6.506239748394296e-27
65,Firmicutes_A,Heme biosynthesis,-5.207240828780326,0.958784191359022,,,50,True,-0.0204234264675964,-5.434568657326802,-4.979913000233849,-38.40358794488355,3.085045114275016e-38
66,Firmicutes_A,A/V-type ATP synthase,-1.3762490446741886,0.3899442694348202,,,50,True,-0.0238096895359164,-1.46870487031636,-1.2837932190320174,-24.95625935216599,1.6315202912314503e-29
67,Firmicutes_A,Purine biosynthesis,-2.484487257124704,0.36762651527618,,,50,True,-0.0238954177148612,-2.5716515410032104,-2.3973229732461974,-47.78757010942604,9.047625945871576e-43
68,Firmicutes_A,Glycine cleavagePyruvate oxidation,2.496131771106839,0.1845022854748678,,,50,True,-0.0261365972501327,2.4523862605979385,2.53987728161574,95.66448987566926,2.2487398214786618e-57
69,Firmicutes_A,Glycine cleavage,1.297421071444303,0.2112926217080944,,,50,True,-0.0296759463522826,1.2473235695104117,1.3475185733781947,43.41918000998696,8.919875901773179e-41
0,Synergistota,Unannotated,5.126396523386068,1.3663228918668064,,,50,True,0.2039493827160491,4.80244122781412,5.450351818958016,26.5304033644984,9.975217046689342e-31
1,Synergistota,"TCA cycle, glyoxylate bypass",2.3267604348885182,1.2991388873623655,,,50,True,0.1804888888888888,2.018734473565816,2.6347863962112203,12.664297079480166,4.535436514434087e-17
2,Synergistota,Aminoacyl-tRNA synthetases,-2.2591732639148074,1.2945424928398803,,,45,True,0.0991234567901232,-2.5661094196322893,-1.952237108197325,-12.34008727890476,1.2003653008803533e-16
3,Synergistota,Lipoate biosynthesis,1.3190011838764455,1.2372278357568292,,,34,True,0.075662962962963,1.025654339138432,1.612348028614459,7.538423033794654,9.765318224918255e-10
4,Synergistota,Urea cycle,-1.8598081623664973,1.2200676110855997,,,46,True,0.0714913580246913,-2.1490863161028884,-1.5705300086301066,-10.778771203878602,1.5748473608075098e-14
5,Synergistota,Glycine cleavage,1.3928179197900026,1.0943363317131405,,,41,True,0.0526234567901237,1.133350665083557,1.6522851744964482,8.9997103038686,5.901552459073974e-12
6,Synergistota,Pyrimidine degradation,0.6352663055800263,0.945054547423884,,,22,True,0.049446913580247,0.4111937769963778,0.8593388341636746,4.753176562764928,1.793561589131808e-05
7,Synergistota,NADH dehydrogenase,0.874493573321438,1.1347223475776849,,,31,True,0.0407975308641975,0.6054507901771307,1.143536356465745,5.449441769783336,1.6295230987102625e-06
8,Synergistota,Proline biosynthesis,0.3101861673005094,0.5796493432770703,,,15,True,0.0268283950617282,0.1727512495023858,0.4476210850986329,3.7839211735915645,0.0004210499891894682
9,Synergistota,Purine biosynthesis,-0.3375734164637057,0.5381966982268936,,,23,True,0.0257185185185183,-0.4651799079363937,-0.2099669249910178,-4.435189824021648,5.197661172519274e-05
10,Synergistota,CRISPR-Cas system,0.5442207200851467,0.6961026133155361,,,25,True,0.0211641975308642,0.379174720206647,0.7092667199636462,5.528239002027669,1.2366040964248452e-06
11,Synergistota,Pyruvate oxidation,-0.1571622040044847,0.4311387080167376,,,10,True,0.0169543209876543,-0.2593852351924051,-0.0549391728165643,-2.5776034053866583,0.01300814256731308
12,Synergistota,NAD biosynthesis,0.245385493974156,0.6272486161762424,,,9,True,0.0155765432098764,0.0966647837671877,0.3941062041811243,2.766267510507876,0.007974722667506956
13,Synergistota,23S rRNA modification,-0.1349729336753143,0.3341259289512664,,,14,True,0.014237037037037,-0.2141942251547892,-0.0557516421958394,-2.856416351105071,0.006269079301370437
14,Synergistota,Pyrimidine salvagetRNA modification,-0.2634582543210665,0.54137797644867,,,16,True,0.0129740740740739,-0.3918190271812413,-0.1350974814608918,-3.441091553299625,0.0011936733894677765
15,Synergistota,Threonine biosynthesis,0.1773291820313541,0.4868909149770763,,,10,True,0.0090320987654319,0.0618872969457668,0.2927710671169414,2.575333884028988,0.013083345741950544
16,Synergistota,"Isoleucine, leucine, valine biosynthesis",-0.0898392447397056,0.2859317090533367,,,7,True,0.0064296296296297,-0.1576336818168792,-0.0220448076625321,-2.2217171849336164,0.03095274270642379
17,Synergistota,Na+-translocating Fd:NADH oxidoreductase,-0.0279855532925041,0.138544602847087,,,2,False,0.0057407407407407,-0.0608344926116014,0.0048633860265931,-1.4283323999440254,0.1595396312141634
18,Synergistota,Molybdopterin biosynthesis,-0.0546475740766276,0.2274129222708324,,,3,True,0.0040950617283948,-0.1085672009010531,-0.0007279472522022,-1.699185332967056,0.09562554076680164
19,Synergistota,16S rRNA modification,0.0642137853058161,0.2951458126610364,,,4,False,0.0029851851851851,-0.0057653166667721,0.1341928872784043,1.5384261299870343,0.13037769158120677
20,Synergistota,Biotin biosynthesis,-0.0652738257761857,0.2104539042534978,,,7,True,0.0024876543209876,-0.1151724677169361,-0.0153751838354353,-2.193143672199802,0.03307311632164664
21,Synergistota,Lipid A biosynthesis,-0.0674738540327736,0.2660183256661478,,,5,True,0.0011864197530864,-0.1305468258988797,-0.0044008821666676,-1.7935313148028353,0.07906034756909729
22,Synergistota,Mureine biosynthesis,0.0654298943223666,0.2695837071519274,,,3,True,0.0002296296296298,0.001511570146109,0.1293482184986241,1.7161987442212463,0.09244242402375821
23,Synergistota,Fatty acid biosynthesis,-0.0019297795896787,0.0136456023405721,,,1,False,0.0,-0.0051651532819525,0.001305594102595,-0.9999999999999941,0.32222340595067833
24,Synergistota,Pyrimidine salvage,0.0,0.0,,,0,False,0.0,,,,
25,Synergistota,3D,0.0,0.0,,,0,False,0.0,,,,
26,Synergistota,Cysteine biosynthesis,0.0,0.0,,,0,False,0.0,,,,
27,Synergistota,Translation factors,0.0,0.0,,,0,False,0.0,,,,
28,Synergistota,A/V-type ATP synthase,0.0,0.0,,,0,False,0.0,,,,
29,Synergistota,Cobalamine/B12 biosynthesis,0.0,0.0,,,0,False,0.0,,,,
30,Synergistota,RNA polymerase,0.0,0.0,,,0,False,0.0,,,,
31,Synergistota,Pyridoxal phosphate biosynthesis,0.0,0.0,,,0,False,0.0,,,,
32,Synergistota,Histidine biosynthesis,0.0,0.0,,,0,False,0.0,,,,
33,Synergistota,Ribosome 50S subunit,-0.0016178282248596,0.0114397730859325,,,1,False,0.0,-0.0043301995782121,0.0010945431284928,-0.999999999999972,0.322223405950689
34,Synergistota,Isoprenoid biosynthesis,0.0,0.0,,,0,False,0.0,,,,
35,Synergistota,Ribosome 30S subunit,0.0,0.0,,,0,False,0.0,,,,
36,Synergistota,Lysine biosynthesisTCA cycle,-0.0088455100804237,0.0499743182585017,,,2,False,0.0,-0.0206944259836916,0.0030034058228441,-1.251586890804158,0.21666257888461452
37,Synergistota,Asparagine biosynthesis,0.0,0.0,,,0,False,0.0,,,,
38,Synergistota,Methionine biosynthesis,0.0,0.0,,,0,False,0.0,,,,
39,Synergistota,Non-phosphorylated Entner-Doudoroff pathway,0.0,0.0,,,0,False,0.0,,,,
40,Synergistota,Phospholipid biosynthesis,0.0,0.0,,,0,False,0.0,,,,
41,Synergistota,Arginine biosynthesis,0.0,0.0,,,0,False,0.0,,,,
42,Synergistota,Glycine cleavagePyruvate oxidation,-0.028506919118721,0.1551356188408758,,,2,False,0.0,-0.0652895900045663,0.0082757517671241,-1.2993428569269931,0.19990670115839454
43,Synergistota,Serine biosynthesis,0.0033899284204549,0.0239704137384067,,,1,False,0.0,-0.0022934590963842,0.0090733159372941,0.9999999999999966,0.322223405950677
44,Synergistota,Menaquinone biosynthesis,0.0,0.0,,,0,False,0.0,,,,
45,Synergistota,Pantothenate/CoA biosynthesis,0.0,0.0,,,0,False,0.0,,,,
46,Synergistota,Ubiquinone biosynthesis,-0.00819847132766,0.0579719467115187,,,1,False,0.0,-0.0219436257443819,0.0055466830890618,-0.9999999999999989,0.322223405950676
47,Synergistota,FoF1-type ATP synthase,0.0,0.0,,,0,False,0.0,,,,
48,Synergistota,Aromatic amino acid biosynthesis,0.0054220319174882,0.0383395553666587,,,1,False,0.0,-0.0036682805297643,0.0145123443647408,0.9999999999999832,0.32222340595068344
49,Synergistota,Entner-Doudoroff pathway,0.0030602661897482,0.0216393497500694,,,1,False,0.0,-0.0020704258201692,0.0081909581996658,0.9999999999999677,0.322223405950691
50,Synergistota,Unknown,0.0079831531518889,0.056449417289514,,,1,False,0.0,-0.0054010093851985,0.0213673156889764,1.0000000000000004,0.3222234059506756
51,Synergistota,Pyrimidine biosynthesis,0.0624150622513434,0.2163908147220066,,,11,True,-0.0006506172839506,0.0111087782392652,0.1137213462634215,2.039555783493108,0.04680566047261549
52,Synergistota,Glycolysis,-0.0036927241890549,0.0261115031513234,,,1,False,-0.0017604938271603,-0.0098837642218083,0.0024983158436984,-0.9999999999999901,0.32222340595068033
53,Synergistota,TCA cycle,0.0220693296429504,0.1438074286284599,,,2,False,-0.0022580246913578,-0.0120274262001157,0.0561660854860165,1.0851576163766525,0.28316202425626535
54,Synergistota,"Histidine biosynthesis, Purine biosynthesis",0.0444736594156956,0.1638867419074843,,,5,True,-0.0031382716049383,0.0056160963674595,0.0833312224639317,1.9188633437335527,0.06083636606614154
55,Synergistota,Purine salvage,0.4536863895551505,0.7406887587494886,,,21,True,-0.0055111111111112,0.278069010093941,0.6293037690163601,4.331167697591442,7.32163035358463e-05
56,Synergistota,Heme biosynthesis,-0.0797739865531617,0.2558889148941126,,,7,True,-0.0061617283950617,-0.1404452741028022,-0.0191026990035212,-2.204422449380707,0.03222129293520789
57,Synergistota,Thymidylate biosynthesis,0.0797094333613492,0.2939175750509497,,,5,True,-0.0085345679012344,0.0100215466500851,0.1493973200726132,1.917649220009279,0.06099405660474307
58,Synergistota,Folate biosynthesis,-1.7609308237167711,0.9597185783727896,,,48,True,-0.0105246913580246,-1.988480195518525,-1.5333814519150175,-12.974283865190259,1.8110515880372394e-17
59,Synergistota,Archaeal ribosomal proteins,0.2897528220968409,0.5382934691746217,,,16,True,-0.011137037037037,0.162123386222679,0.4173822579710028,3.8062171864498446,0.00039284913982599255
60,Synergistota,Riboflavin/FAD biosynthesis,-0.6711731817736847,0.9052658230546168,,,27,True,-0.0124382716049383,-0.8858117997932897,-0.4565345637540797,-5.24256076056558,3.3500512876678566e-06
61,Synergistota,Lysine biosynthesis,3.315503587231933,1.7763323193099507,,,48,True,-0.0161888888888888,2.8943350150287555,3.7366721594351104,13.198065722807744,9.406138201411371e-18
62,Synergistota,Thiamine biosynthesis,-0.0232034164794001,0.0835890288796718,,,5,True,-0.0168395061728394,-0.0430223836638612,-0.003384449294939,-1.962852465112156,0.05535339282274133
63,Synergistota,Glutamine biosynthesis,2.6340991062982555,1.0984895071363374,,,50,True,-0.0180259259259258,2.3736471332797677,2.8945510793167437,16.955913809650514,3.854199937156486e-22
64,Synergistota,Proline degradation,-0.0202638534682387,0.1469915070309438,,,3,False,-0.019327160493827,-0.05511555462192,0.0145878476854424,-0.9747983737145935,0.33444828017967887
65,Synergistota,Gluconeogenesis,-0.8079464400738291,0.920247651447483,,,31,True,-0.0196716049382716,-1.0261372511175793,-0.5897556290300789,-6.208159354855344,1.1171644513412296e-07
66,Synergistota,2Fe2S,-0.3617251998828812,0.5214141346272965,,,24,True,-0.0237283950617283,-0.4853525438321501,-0.2380978559336123,-4.905473879147396,1.0690169837729922e-05
67,Synergistota,Pentose phosphate pathway,-0.0983034147990975,0.3471401908363026,,,6,True,-0.0247617283950615,-0.180610389085114,-0.015996440513081,-2.002390188551071,0.05079296385818381
68,Synergistota,Na+-translocating NADH dehydrogenase,-3.9680561103965983,1.787521414235403,,,49,True,-0.0337555555555556,-4.391877618135976,-3.5442346026572205,-15.69681549795768,9.493825670238373e-21
69,Synergistota,tRNA modification,-1.688869097543412,1.344323549471206,,,41,True,-0.0434765432098766,-2.007608346812851,-1.3701298482739728,-8.883358413821568,8.803853777259042e-12
0,Bacteroidota,Archaeal ribosomal proteins,-9.973150238599178,0.8246014581935058,,,50,True,0.3859633208327945,-10.168663327568323,-9.777637149630031,-85.52109741541145,5.286712692110457e-55
1,Bacteroidota,tRNA modification,9.845010217295616,0.5610056813653623,,,50,True,0.3756484572610888,9.711995713618563,9.97802472097267,124.08917978438129,6.891690858490028e-63
2,Bacteroidota,Molybdopterin biosynthesis,6.239473678807779,0.4840077854316526,,,50,True,0.1188539971550497,6.124715384028422,6.354231973587137,91.15502440493233,2.3650772918569174e-56
3,Bacteroidota,16S rRNA modification,-7.843967610464699,1.203818958308687,,,50,True,0.1036327893443683,-8.12939320698762,-7.558542013941778,-46.074392253797456,5.21027145154573e-42
4,Bacteroidota,Pyrimidine degradation,-6.296133250569804,0.5016257682825734,,,50,True,0.1010404707099444,-6.415068770861393,-6.177197730278215,-88.75218934574565,8.688903451190827e-56
5,Bacteroidota,Proline degradation,6.09562942322171,0.6029639350641179,,,50,True,0.1002846088193456,5.95266661335761,6.23859223308581,71.4845557106491,3.224627684299017e-51
6,Bacteroidota,Lipoate biosynthesis,-3.7276405350811967,0.3545924855231613,,,50,True,0.0738180059485322,-3.811714449189668,-3.643566620972726,-74.334341752699,4.8311091711597844e-52
7,Bacteroidota,Pyrimidine salvagetRNA modification,6.09448916492434,0.4811448977577142,,,50,True,0.0730136247252036,5.98040966110144,6.20856866874724,89.56666975934584,5.568424990009861e-56
8,Bacteroidota,Non-phosphorylated Entner-Doudoroff pathway,-6.148138175013435,0.6751840503015175,,,50,True,0.0659152463468252,-6.308224381489888,-5.988051968536983,-64.38822411877868,5.132692368465356e-49
9,Bacteroidota,Pentose phosphate pathway,2.6426524063706736,0.3029703392679264,,,50,True,0.0601625863183757,2.57081810834982,2.714486704391527,61.677240134426334,4.119057817893837e-48
10,Bacteroidota,Riboflavin/FAD biosynthesis,2.7107650196715607,0.4153788731119149,,,50,True,0.0508503401008664,2.6122786469302985,2.8092513924128224,46.14583099166445,4.83747338418211e-42
11,Bacteroidota,NADH dehydrogenase,-6.0537596571055685,0.9492413104496872,,,50,True,0.0490831966895124,-6.278824867625228,-5.82869444658591,-45.09553533005225,1.457184496140252e-41
12,Bacteroidota,CRISPR-Cas system,2.287269066500264,0.4499412887028065,,,50,True,0.0335441872494503,2.1805879415338305,2.393950191466697,35.9456557539631,7.0708250081646374e-37
13,Bacteroidota,3D,3.374657631338396,0.4852137520180426,,,50,True,0.0310222216474847,3.25961340175968,3.4897018609171107,49.17921813587797,2.2798229080881523e-43
14,Bacteroidota,Glycolysis,-4.87937625430275,0.566200722901231,,,50,True,0.0308392344497607,-5.0136225028523205,-4.74513000575318,-60.93669431750189,7.389421552987374e-48
15,Bacteroidota,Thiamine biosynthesis,1.3560504123624375,0.3074692208674853,,,50,True,0.0295191620328462,1.2831494290602323,1.428951395664643,31.18596520025507,5.593258236456256e-34
16,Bacteroidota,Cysteine biosynthesis,2.153820817727821,0.2836690165694577,,,50,True,0.0280746721841458,2.086562865266961,2.221078770188681,53.6886729504062,3.344562572311561e-45
17,Bacteroidota,Cobalamine/B12 biosynthesis,4.681397397734178,0.4763708602674718,,,50,True,0.0244852812621233,4.568449818682083,4.794344976786272,69.48888190827338,1.274255541209827e-50
18,Bacteroidota,Isoprenoid biosynthesis,2.012997177667094,0.2612524479707604,,,50,True,0.0235048441743178,1.9510541958836096,2.074940159450578,54.48385138182866,1.646348346996654e-45
19,Bacteroidota,Arginine biosynthesis,1.536171240164945,0.3513954329511622,,,50,True,0.0194968007241691,1.4528553475439907,1.6194871327858993,30.912100702667615,8.44240371101599e-34
20,Bacteroidota,Translation factors,-1.2897763539182812,0.5357215198176123,,,50,True,0.0190680977628345,-1.4167959803402954,-1.162756727496267,-17.02394942768349,3.25718841718077e-22
21,Bacteroidota,Glycine cleavage,1.7122140107549708,0.2557720422126552,,,50,True,0.0180727583085477,1.6515704337299004,1.7728575877800412,47.3358279260575,1.4271072312915054e-42
22,Bacteroidota,Entner-Doudoroff pathway,1.2436562437372574,0.3376620669410228,,,50,True,0.0180717186085607,1.1635965335834897,1.3237159538910248,26.0437238739406,2.329906027880114e-30
23,Bacteroidota,Aromatic amino acid biosynthesis,-1.9899875409988,0.3913031403020132,,,50,True,0.017646827880512,-2.082765555060741,-1.8972095269368596,-35.96019402325647,6.93702188744291e-37
24,Bacteroidota,Mureine biosynthesis,1.7857950350035257,0.3319387442517602,,,50,True,0.0171730712530712,1.707092325237068,1.8644977447699835,38.04159053221353,4.834957586755313e-38
25,Bacteroidota,Aminoacyl-tRNA synthetases,3.267919605784271,0.8895721387662547,,,50,True,0.0171103426871847,3.057001961893485,3.478837249675057,25.976174532931363,2.62388824586433e-30
26,Bacteroidota,Fatty acid biosynthesis,1.9788874325315,0.5807432193445013,,,50,True,0.0162151609983189,1.841193156607378,2.1165817084556227,24.094723384411896,8.034756576937684e-29
27,Bacteroidota,Biotin biosynthesis,1.0495309976111986,0.3322658185242648,,,50,True,0.0153806284753652,0.9707507385017168,1.1283112567206803,22.335444818623866,2.433900353141542e-27
28,Bacteroidota,FoF1-type ATP synthase,2.3415120519820043,0.7920101414044598,,,50,True,0.0152735393766972,2.153726367513157,2.529297736450851,20.905023352989858,4.6081907002964524e-26
29,Bacteroidota,Ubiquinone biosynthesis,-2.060454455867695,0.481852234875681,,,50,True,0.0152035329109013,-2.1747016693926606,-1.94620724234273,-30.236682796459053,2.363899035800508e-33
30,Bacteroidota,Asparagine biosynthesis,-1.87979896889056,0.4535405001565452,,,50,True,0.0123200982800983,-1.9873334672559624,-1.7722644705251578,-29.307605334279927,1.0084234450121733e-32
31,Bacteroidota,Proline biosynthesis,-0.828156367700679,0.2473796449769981,,,50,True,0.0123114341135393,-0.8868101064940852,-0.7695026289072728,-23.671914620882408,1.788498441179708e-28
32,Bacteroidota,"Isoleucine, leucine, valine biosynthesis",-2.351402624274392,0.6459689364093459,,,50,True,0.0122095435148066,-2.504561924298172,-2.1982433242506123,-25.739515435005835,3.98724347279988e-30
33,Bacteroidota,Lysine biosynthesisTCA cycle,1.338219482710105,0.3673720797691101,,,50,True,0.0106856899004266,1.2511155255160062,1.4253234399042036,25.75764798280226,3.860983422647555e-30
34,Bacteroidota,Phospholipid biosynthesis,0.738854043178381,0.4352343991569284,,,46,True,0.0101218259407732,0.6356599232077211,0.8420481631490407,12.003846783492795,3.3411646820319025e-16
35,Bacteroidota,Folate biosynthesis,1.1019833122588272,0.6558161411343878,,,48,True,0.0091039596534333,0.9464892390008084,1.257477385516846,11.881681830898305,4.864027996801185e-16
36,Bacteroidota,Glutamine biosynthesis,-3.436512352587017,0.325040079059725,,,50,True,0.0082739324970904,-3.513579388140124,-3.3594453170339102,-74.75943259597581,3.662168830759945e-52
37,Bacteroidota,TCA cycle,-2.1989101232214776,0.4722886165779259,,,50,True,0.0077908185697659,-2.310889801882737,-2.0869304445602177,-32.92190844267589,4.43000734571324e-35
38,Bacteroidota,Unannotated,-2.1128838432651,0.4219678651403848,,,50,True,0.0073950394413552,-2.2129324666813748,-2.0128352198488253,-35.40635713895406,1.4436770852317872e-36
39,Bacteroidota,Serine biosynthesis,1.387120798878952,0.7117147001762885,,,49,True,0.0062558748221906,1.218373171629956,1.5558684261279478,13.781400369688274,1.7563077332756324e-18
40,Bacteroidota,Na+-translocating Fd:NADH oxidoreductase,1.74538039884416,0.5243751703315496,,,50,True,0.0059761955256691,1.6210509930305392,1.8697098046577805,23.536017447058963,2.318983783595445e-28
41,Bacteroidota,A/V-type ATP synthase,-0.7484209754524789,0.4759661180563113,,,46,True,0.0052529109013319,-0.8612725900854541,-0.6355693608195037,-11.118723094951214,5.30287701249623e-15
42,Bacteroidota,Gluconeogenesis,-1.1030180593475336,0.4495760679839342,,,50,True,0.0049368421052631,-1.2096125904446584,-0.9964235282504088,-17.348600272106538,1.4687004763796853e-22
43,Bacteroidota,NAD biosynthesis,-0.6183734033856462,0.3845072838418117,,,48,True,0.0043733247122721,-0.7095401191949309,-0.5272066875763615,-11.371852893670649,2.38057985879401e-15
44,Bacteroidota,Pyrimidine salvage,0.393719697153234,0.339647693610031,,,48,True,0.0038766946851157,0.3131891947158246,0.4742501995906434,8.196783696208895,9.571307205176235e-11
45,Bacteroidota,Lysine biosynthesis,3.004871532287569,0.7790453790063089,,,50,True,0.0032875313591102,2.820159794291927,3.189583270283211,27.273957260168093,2.800862711366535e-31
46,Bacteroidota,Heme biosynthesis,0.4059037138016942,0.3354086309634342,,,42,True,0.0029950290960817,0.3263782935456643,0.4854291340577241,8.557241586584928,2.720243802248619e-11
47,Bacteroidota,"Histidine biosynthesis, Purine biosynthesis",0.3303041246205809,0.2897392799482524,,,43,True,0.0028498176645545,0.2616069120999041,0.3990013371412576,8.06105014186593,1.5413241472118447e-10
48,Bacteroidota,Na+-translocating NADH dehydrogenase,0.55816325116918,0.6633277475803427,,,36,True,0.0018059588775377,0.4008881752646384,0.7154383270737215,5.950015227774763,2.794210258814916e-07
49,Bacteroidota,RNA polymerase,0.3705138316854564,0.32474454125469,,,40,True,0.0012181818181817,0.2935168681757537,0.447510795195159,8.067659640896693,1.505927420890311e-10
50,Bacteroidota,2Fe2S,0.8160283789700621,0.3048058890261859,,,50,True,0.0011745144187249,0.7437588719162533,0.8882978860238708,18.93071036960264,3.518224143280968e-24
51,Bacteroidota,Unknown,-1.005412308302437,0.2699321588639349,,,50,True,0.0011173309194362,-1.0694132504147826,-0.9414113661900916,-26.337501395950177,1.3939255028432738e-30
52,Bacteroidota,Thymidylate biosynthesis,-0.0513689195801157,0.2361535168444391,,,42,False,0.0009239467218414,-0.1073609422601786,0.0046231030999471,-1.5381228220815955,0.13045174677488974
53,Bacteroidota,Menaquinone biosynthesis,-0.2188802932329798,0.3557418307898229,,,40,True,0.0009111237553342,-0.3032267172201859,-0.1345338692457738,-4.350675861467112,6.86749153902977e-05
54,Bacteroidota,Lipid A biosynthesis,1.0912009789692807,0.6432053891290771,,,49,True,0.0008820121556963,0.9386969162845924,1.243705041653969,11.996099922473372,3.4214925201062327e-16
55,Bacteroidota,Ribosome 30S subunit,-0.6698816228105272,0.3447833303235655,,,48,True,0.0008456226561489,-0.7516297852310831,-0.5881334603899713,-13.738420521579306,1.984589998078789e-18
56,Bacteroidota,Ribosome 50S subunit,-0.3791189197929436,0.4521498333154021,,,37,True,0.0004845001939738,-0.4863236909099434,-0.2719141486759439,-5.928954061445132,3.010691106962179e-07
57,Bacteroidota,Purine salvage,0.2019951642337662,0.4036912586374053,,,26,True,0.0004047898616319,0.1062799260641044,0.297710402403428,3.538153163848366,0.000892935029165838
58,Bacteroidota,Glycine cleavagePyruvate oxidation,-0.2161738553420331,0.1955626192932892,,,41,True,0.0001743230311651,-0.2625417721156605,-0.1698059385684058,-7.8163198866930275,3.6511462728694503e-10
59,Bacteroidota,Methionine biosynthesis,0.1094224161754242,0.323462673816511,,,33,True,4.297426613212677e-05,0.0327293835646995,0.1861154487861487,2.3920327986700003,0.020636387436630276
60,Bacteroidota,Histidine biosynthesis,0.0,0.0,,,0,False,0.0,,,,
61,Bacteroidota,Threonine biosynthesis,-0.2734697008801504,0.269140111572387,,,43,True,-0.000142092331566,-0.3372828484997244,-0.2096565532605764,-7.184818301949851,3.4329907021249848e-09
62,Bacteroidota,Urea cycle,-0.0945618769870643,0.4132075759566176,,,41,False,-0.0002509142635458,-0.1925334349536446,0.0034096809795158,-1.6182022874213091,0.1120389373462879
63,Bacteroidota,Pyrimidine biosynthesis,-0.013084499836612,0.2399265729907942,,,31,False,-0.0004047898616319,-0.0699711145098106,0.0438021148365865,-0.3856237534496696,0.7014444628491487
64,Bacteroidota,Pyridoxal phosphate biosynthesis,-2.15179971006178,1.4461786236397145,,,45,True,-0.0008535936893831,-2.494688807697353,-1.8089106124262055,-10.521191102317074,3.6278500084581183e-14
65,Bacteroidota,Purine biosynthesis,-0.2464992157799079,0.347333655882327,,,40,True,-0.0009741988878831,-0.3288520606478643,-0.1641463709119515,-5.018265983823645,7.266070633238948e-06
66,Bacteroidota,"TCA cycle, glyoxylate bypass",-0.0367606395074947,0.2958082864293537,,,26,False,-0.0013280434501487,-0.106896814077418,0.0333755350624285,-0.878734594972597,0.3838340847153987
67,Bacteroidota,Pyruvate oxidation,-0.763702633347884,0.4316997375514773,,,49,True,-0.0014784533816113,-0.8660586846951189,-0.6613465820006491,-12.509141513803183,7.21397859661417e-17
68,Bacteroidota,23S rRNA modification,-0.3975362711596174,0.5152235649851117,,,30,True,-0.003743613086771,-0.5196958304218768,-0.2753767118973581,-5.455895502619383,1.5931550456869079e-06
69,Bacteroidota,Pantothenate/CoA biosynthesis,-1.824125386187509,0.3767583949517993,,,50,True,-0.0040766636492952,-1.913454839658835,-1.7347959327161837,-34.23550603226067,7.044106179507273e-36
0,Desulfuromonadota,Archaeal ribosomal proteins,-1.6254424394575908,1.186914544115991,,,44,True,0.7855416666666665,-1.90685999766917,-1.3440248812460118,-9.683606769052664,5.788912011984863e-13
1,Desulfuromonadota,Pyrimidine salvagetRNA modification,6.066208136291701,1.3150909006240228,,,50,True,0.5216166666666666,5.754399951014538,6.3780163215688646,32.61718948268506,6.852081345614652e-35
2,Desulfuromonadota,2Fe2S,2.888720090748807,0.733049137122782,,,50,True,0.4136666666666666,2.714914066346397,3.062526115151216,27.86489283836603,1.0428700115883026e-31
3,Desulfuromonadota,Arginine biosynthesis,-0.7200331050548803,0.826030657113231,,,32,True,0.3877416666666668,-0.9158850572321506,-0.52418115287761,-6.16369727780357,1.3085778718457943e-07
4,Desulfuromonadota,Thymidylate biosynthesis,-0.381990532416195,0.6973872383378189,,,15,True,0.2231249999999998,-0.547341117017142,-0.2166399478152481,-3.873143656375729,0.0003187031250201401
5,Desulfuromonadota,RNA polymerase,-0.7985477691693044,1.0071649282733,,,29,True,0.1956416666666667,-1.0373466753214846,-0.5597488630171242,-5.606415859307819,9.39821782823381e-07
6,Desulfuromonadota,Mureine biosynthesis,0.1123763621503225,0.2402250070297449,,,12,True,0.1039833333333333,0.0554189887363662,0.1693337355642788,3.307819144396122,0.0017666396162620806
7,Desulfuromonadota,CRISPR-Cas system,1.578497435247831,1.0231125879281793,,,45,True,0.076925,1.3359173373817956,1.8210775331138664,10.90951527445841,1.0343661269428455e-14
8,Desulfuromonadota,Purine salvage,0.3139729745817242,0.6246146050001219,,,14,True,0.0563833333333334,0.165876788690479,0.4620691604729693,3.5543904618753728,0.0008502885776098419
9,Desulfuromonadota,Gluconeogenesis,-0.05477522505456,0.2339766214632607,,,7,False,0.0150166666666667,-0.1102511056200198,0.0007006555108996,-1.6553762010441027,0.10423997907132083
10,Desulfuromonadota,NAD biosynthesis,-0.0720405846122127,0.4707788926763748,,,2,False,0.0137416666666668,-0.1836623075840304,0.0395811383596049,-1.0820448132316023,0.284529024291687
11,Desulfuromonadota,A/V-type ATP synthase,0.0,0.0,,,0,False,0.0,,,,
12,Desulfuromonadota,Translation factors,0.0103681570923927,0.0569117092199047,,,2,False,0.0,-0.003125614908052,0.0238619290928375,1.2882048859418447,0.20372470519579317
13,Desulfuromonadota,Cysteine biosynthesis,0.0,0.0,,,0,False,0.0,,,,
14,Desulfuromonadota,Heme biosynthesis,0.0,0.0,,,0,False,0.0,,,,
15,Desulfuromonadota,Molybdopterin biosynthesis,0.0,0.0,,,0,False,0.0,,,,
16,Desulfuromonadota,Fatty acid biosynthesis,0.0,0.0,,,0,False,0.0,,,,
17,Desulfuromonadota,Pentose phosphate pathway,0.0,0.0,,,0,False,0.0,,,,
18,Desulfuromonadota,Glycolysis,0.0,0.0,,,0,False,0.0,,,,
19,Desulfuromonadota,Riboflavin/FAD biosynthesis,0.0,0.0,,,0,False,0.0,,,,
20,Desulfuromonadota,Pyrimidine salvage,0.0,0.0,,,0,False,0.0,,,,
21,Desulfuromonadota,Na+-translocating NADH dehydrogenase,0.0,0.0,,,0,False,0.0,,,,
22,Desulfuromonadota,Lysine biosynthesisTCA cycle,0.0,0.0,,,0,False,0.0,,,,
23,Desulfuromonadota,Folate biosynthesis,0.0,0.0,,,0,False,0.0,,,,
24,Desulfuromonadota,Cobalamine/B12 biosynthesis,0.0,0.0,,,0,False,0.0,,,,
25,Desulfuromonadota,Thiamine biosynthesis,0.0,0.0,,,0,False,0.0,,,,
26,Desulfuromonadota,Biotin biosynthesis,0.0,0.0,,,0,False,0.0,,,,
27,Desulfuromonadota,Lipid A biosynthesis,0.0,0.0,,,0,False,0.0,,,,
28,Desulfuromonadota,Pyrimidine degradation,0.0,0.0,,,0,False,0.0,,,,
29,Desulfuromonadota,23S rRNA modification,0.0,0.0,,,0,False,0.0,,,,
30,Desulfuromonadota,Pyridoxal phosphate biosynthesis,0.0,0.0,,,0,False,0.0,,,,
31,Desulfuromonadota,"TCA cycle, glyoxylate bypass",0.0,0.0,,,0,False,0.0,,,,
32,Desulfuromonadota,"Histidine biosynthesis, Purine biosynthesis",0.0,0.0,,,0,False,0.0,,,,
33,Desulfuromonadota,Histidine biosynthesis,0.0,0.0,,,0,False,0.0,,,,
34,Desulfuromonadota,Urea cycle,-0.2858193898840642,0.4391499548659785,,,23,True,0.0,-0.3899418885085579,-0.1816968912595705,-4.602182615350664,2.9814026085167842e-05
35,Desulfuromonadota,Unannotated,0.0,0.0,,,0,False,0.0,,,,
36,Desulfuromonadota,Isoprenoid biosynthesis,0.0,0.0,,,0,False,0.0,,,,
37,Desulfuromonadota,Glycine cleavage,-0.0340339171655414,0.2223991121398725,,,2,False,0.0,-0.0867647691018455,0.0186969347707625,-1.0820912631593638,0.28450859184377386
38,Desulfuromonadota,FoF1-type ATP synthase,0.0,0.0,,,0,False,0.0,,,,
39,Desulfuromonadota,Ribosome 30S subunit,0.0,0.0,,,0,False,0.0,,,,
40,Desulfuromonadota,Asparagine biosynthesis,-0.0054642806941101,0.0386382993311204,,,1,False,0.0,-0.0146254253654905,0.0036968639772701,-0.9999999999999862,0.322223405950682
41,Desulfuromonadota,Non-phosphorylated Entner-Doudoroff pathway,0.0,0.0,,,0,False,0.0,,,,
42,Desulfuromonadota,Phospholipid biosynthesis,-0.0010614833574222,0.0075058208014997,,,1,False,0.0,-0.0028411142270608,0.0007181475122162,-0.9999999999999085,0.3222234059507193
43,Desulfuromonadota,Proline degradation,0.0,0.0,,,0,False,0.0,,,,
44,Desulfuromonadota,Lysine biosynthesis,0.0,0.0,,,0,False,0.0,,,,
45,Desulfuromonadota,16S rRNA modification,0.0,0.0,,,0,False,0.0,,,,
46,Desulfuromonadota,Glycine cleavagePyruvate oxidation,0.0,0.0,,,0,False,0.0,,,,
47,Desulfuromonadota,Serine biosynthesis,0.0,0.0,,,0,False,0.0,,,,
48,Desulfuromonadota,Glutamine biosynthesis,-0.0034791386553102,0.0246012253585811,,,1,False,0.0,-0.009312091670964,0.0023538143603435,-0.9999999999999915,0.32222340595067955
49,Desulfuromonadota,Na+-translocating Fd:NADH oxidoreductase,0.0,0.0,,,0,False,0.0,,,,
50,Desulfuromonadota,tRNA modification,0.0,0.0,,,0,False,0.0,,,,
51,Desulfuromonadota,Menaquinone biosynthesis,0.0,0.0,,,0,False,0.0,,,,
52,Desulfuromonadota,Pyrimidine biosynthesis,0.0,0.0,,,0,False,0.0,,,,
53,Desulfuromonadota,Pantothenate/CoA biosynthesis,0.0,0.0,,,0,False,0.0,,,,
54,Desulfuromonadota,Ubiquinone biosynthesis,0.0,0.0,,,0,False,0.0,,,,
55,Desulfuromonadota,Methionine biosynthesis,0.0,0.0,,,0,False,0.0,,,,
56,Desulfuromonadota,Threonine biosynthesis,0.0,0.0,,,0,False,0.0,,,,
57,Desulfuromonadota,Unknown,0.0,0.0,,,0,False,0.0,,,,
58,Desulfuromonadota,"Isoleucine, leucine, valine biosynthesis",-0.0004205434100286,0.0029736909701455,,,1,False,0.0,-0.0011256058392007,0.0002845190191435,-0.9999999999999589,0.3222234059506951
59,Desulfuromonadota,Pyruvate oxidation,0.0,0.0,,,0,False,0.0,,,,
60,Desulfuromonadota,TCA cycle,0.0,0.0,,,0,False,0.0,,,,
61,Desulfuromonadota,Entner-Doudoroff pathway,0.0,0.0,,,0,False,0.0,,,,
62,Desulfuromonadota,Aromatic amino acid biosynthesis,0.0,0.0,,,0,False,0.0,,,,
63,Desulfuromonadota,NADH dehydrogenase,0.0,0.0,,,0,False,0.0,,,,
64,Desulfuromonadota,Ribosome 50S subunit,-0.2970250522654752,0.4052558462119571,,,32,True,-0.00425,-0.3931112543069855,-0.2009388502239649,-5.182613171466922,4.123437778999265e-06
65,Desulfuromonadota,3D,0.1040899578907582,0.3592148928529891,,,9,True,-0.0324416666666667,0.0189200705378206,0.1892598452436957,2.0489884061711123,0.045837940910000444
66,Desulfuromonadota,Purine biosynthesis,0.5260999715180117,0.6508162477535628,,,32,True,-0.1307583333333331,0.3717913734852527,0.6804085695507706,5.716035190063355,6.389515455000146e-07
67,Desulfuromonadota,Lipoate biosynthesis,-0.2121633567038602,0.3908573994719556,,,18,True,-0.1351499999999999,-0.3048356855700033,-0.119491027837717,-3.8382834365494505,0.00035545802101003335
68,Desulfuromonadota,Proline biosynthesis,-0.563795362185563,0.5884801549351637,,,34,True,-0.2991999999999999,-0.703324066319162,-0.4242666580519642,-6.774459944989315,1.4832887691844764e-08
69,Desulfuromonadota,Aminoacyl-tRNA synthetases,0.6098458292421253,1.0847097515799653,,,19,True,-0.3184666666666664,0.352661037656918,0.8670306208273324,3.9754977836912158,0.00023075693599288868
0,Verrucomicrobiota,23S rRNA modification,-18.47834231363337,4.743537449072968,,,50,True,0.3773801587301588,-19.603035521599352,-17.353649105667387,-27.54518393780152,1.7756398725216393e-31
1,Verrucomicrobiota,Unannotated,-10.646737313448895,1.8201285182306208,,,50,True,0.2150212698412698,-11.078289968836753,-10.215184658061045,-41.36180536949133,9.04636329480568e-40
2,Verrucomicrobiota,RNA polymerase,-8.803366188810394,1.4859918234563805,,,50,True,0.086506111111111,-9.15569500014106,-8.451037377479727,-41.89067416869893,4.936159530936738e-40
3,Verrucomicrobiota,Arginine biosynthesis,5.571649832344595,0.6722546388056097,,,50,True,0.0604882539682539,5.412258189629504,5.731041475059686,58.60504563936493,4.873496471673776e-47
4,Verrucomicrobiota,Pyruvate oxidation,1.053956497123959,0.8008766146636761,,,40,True,0.0158158730158729,0.8640685709504111,1.2438444232975068,9.305550599762977,2.07623180698551e-12
5,Verrucomicrobiota,Pentose phosphate pathway,-2.94193672661188,2.689039445018005,,,39,True,0.011798492063492,-3.579508250444883,-2.304365202778877,-7.736083652707765,4.848331258044449e-10
6,Verrucomicrobiota,Thiamine biosynthesis,1.4178515038038637,0.8118879607906655,,,47,True,0.0086838095238094,1.225352786352172,1.610350221255555,12.34865475870452,1.1696824807830005e-16
7,Verrucomicrobiota,Serine biosynthesis,-0.1168966301658244,0.3291812658823377,,,8,True,0.0012757142857142,-0.1949455415325649,-0.038847718799084,-2.511029893106241,0.015385780371862154
8,Verrucomicrobiota,Unknown,-0.2305858928686482,0.4930815461046521,,,14,True,0.0008728571428571,-0.3474955772194374,-0.113676208517859,-3.3067319144564027,0.0017722420774827741
9,Verrucomicrobiota,Proline degradation,-0.0811431721005813,0.3656470893361689,,,4,False,0.0007460317460316,-0.1678381338889171,0.0055517896877543,-1.5691875831276454,0.123040062157611
10,Verrucomicrobiota,FoF1-type ATP synthase,-0.398646684039481,0.8702831477711912,,,13,True,0.0002238095238094,-0.604990906218396,-0.1923024618605662,-3.239012203140575,0.002156334427203371
11,Verrucomicrobiota,Lysine biosynthesis,-0.1048686315725405,0.3306007813903238,,,10,True,0.0002051587301587,-0.1832541102095038,-0.0264831529355772,-2.2429868497844825,0.029453365380867676
12,Verrucomicrobiota,Purine salvage,-0.0334735471583809,0.1355029620519275,,,3,True,0.0001641269841269,-0.0656013131379367,-0.0013457811788251,-1.7467789506319602,0.08694167079999628
13,Verrucomicrobiota,Folate biosynthesis,-0.0408749889273563,0.1630227056194367,,,4,True,0.0001566666666666,-0.0795276888844845,-0.0022222889702282,-1.7729421028583807,0.08245420921009411
14,Verrucomicrobiota,CRISPR-Cas system,0.3475928565325655,0.7285793289850475,,,13,True,0.0001081746031745,0.1748466240907749,0.520339088974356,3.3734866769905847,0.001457717613213274
15,Verrucomicrobiota,Riboflavin/FAD biosynthesis,0.0,0.0,,,0,False,0.0,,,,
16,Verrucomicrobiota,Heme biosynthesis,0.0,0.0,,,0,False,0.0,,,,
17,Verrucomicrobiota,Glycolysis,0.0,0.0,,,0,False,0.0,,,,
18,Verrucomicrobiota,Ribosome 30S subunit,0.0,0.0,,,0,False,0.0,,,,
19,Verrucomicrobiota,Pyrimidine salvagetRNA modification,0.0,0.0,,,0,False,0.0,,,,
20,Verrucomicrobiota,Purine biosynthesis,0.0,0.0,,,0,False,0.0,,,,
21,Verrucomicrobiota,Cobalamine/B12 biosynthesis,0.0,0.0,,,0,False,0.0,,,,
22,Verrucomicrobiota,Translation factors,0.002833948419297,0.0200390414481786,,,1,False,0.0,-0.0019173103307144,0.0075852071693086,0.9999999999999732,0.3222234059506883
23,Verrucomicrobiota,Na+-translocating NADH dehydrogenase,0.0,0.0,,,0,False,0.0,,,,
24,Verrucomicrobiota,Aromatic amino acid biosynthesis,0.0,0.0,,,0,False,0.0,,,,
25,Verrucomicrobiota,Mureine biosynthesis,0.0,0.0,,,0,False,0.0,,,,
26,Verrucomicrobiota,Lipid A biosynthesis,0.0,0.0,,,0,False,0.0,,,,
27,Verrucomicrobiota,Pyrimidine degradation,0.0,0.0,,,0,False,0.0,,,,
28,Verrucomicrobiota,Pyridoxal phosphate biosynthesis,0.0,0.0,,,0,False,0.0,,,,
29,Verrucomicrobiota,Histidine biosynthesis,0.0,0.0,,,0,False,0.0,,,,
30,Verrucomicrobiota,Isoprenoid biosynthesis,0.0,0.0,,,0,False,0.0,,,,
31,Verrucomicrobiota,NADH dehydrogenase,0.0,0.0,,,0,False,0.0,,,,
32,Verrucomicrobiota,Lysine biosynthesisTCA cycle,0.0,0.0,,,0,False,0.0,,,,
33,Verrucomicrobiota,Glycine cleavagePyruvate oxidation,0.001225755142377,0.0064802459374301,,,2,False,0.0,-0.0003107118234737,0.0027622221082279,1.3375106155196104,0.1872314526138596
34,Verrucomicrobiota,Pantothenate/CoA biosynthesis,0.0159466059082284,0.1127595317461777,,,1,False,0.0,-0.0107886904502171,0.0426819022666739,0.9999999999999998,0.32222340595067556
35,Verrucomicrobiota,Na+-translocating Fd:NADH oxidoreductase,0.0,0.0,,,0,False,0.0,,,,
36,Verrucomicrobiota,TCA cycle,0.0124704366733681,0.0609805749311975,,,3,False,0.0,-0.0019880637979166,0.0269289371446529,1.4460228271125675,0.15453714949325026
37,Verrucomicrobiota,Non-phosphorylated Entner-Doudoroff pathway,0.0,0.0,,,0,False,0.0,,,,
38,Verrucomicrobiota,Phospholipid biosynthesis,0.0001250446818715,0.0008841994250268,,,1,False,0.0,-8.459909104933179e-05,0.0003346884547924,0.9999999999996857,0.3222234059508261
39,Verrucomicrobiota,tRNA modification,0.0,0.0,,,0,False,0.0,,,,
40,Verrucomicrobiota,Menaquinone biosynthesis,0.0,0.0,,,0,False,0.0,,,,
41,Verrucomicrobiota,Gluconeogenesis,0.0,0.0,,,0,False,0.0,,,,
42,Verrucomicrobiota,Aminoacyl-tRNA synthetases,0.0,0.0,,,0,False,0.0,,,,
43,Verrucomicrobiota,Proline biosynthesis,0.0,0.0,,,0,False,0.0,,,,
44,Verrucomicrobiota,Threonine biosynthesis,0.0,0.0,,,0,False,0.0,,,,
45,Verrucomicrobiota,16S rRNA modification,0.0,0.0,,,0,False,0.0,,,,
46,Verrucomicrobiota,Thymidylate biosynthesis,0.0,0.0,,,0,False,0.0,,,,
47,Verrucomicrobiota,Entner-Doudoroff pathway,0.0163546019613549,0.1156444995048091,,,1,False,-6.714285714289521e-05,-0.0110647205438574,0.0437739244665674,0.9999999999999958,0.32222340595067755
48,Verrucomicrobiota,Cysteine biosynthesis,0.0941153949350267,0.3451766369284529,,,5,True,-0.0001230952380952,0.0122739794787534,0.1759568103913,1.92798778517567,0.05966238644426784
49,Verrucomicrobiota,Ubiquinone biosynthesis,0.0456643367005662,0.2172288382043638,,,3,False,-0.000141746031746,-0.005840642763765,0.0971693161648975,1.4864307338871294,0.14357175984679074
50,Verrucomicrobiota,Fatty acid biosynthesis,0.2665154830629357,0.4897745152778698,,,15,True,-0.0002461904761905,0.150389896054973,0.3826410700708983,3.8477891251261176,0.0003450493259451044
51,Verrucomicrobiota,Glutamine biosynthesis,0.0243297342888123,0.1720372010008608,,,1,False,-0.000283492063492,-0.016460303433133,0.0651197720107577,0.9999999999999977,0.32222340595067656
52,Verrucomicrobiota,"Histidine biosynthesis, Purine biosynthesis",-0.1344810669602009,0.3283686002964192,,,12,True,-0.000328253968254,-0.2123372952344933,-0.0566248386859085,-2.895906438767897,0.005634247799238602
53,Verrucomicrobiota,Glycine cleavage,1.1482642101500122,1.5211271306912264,,,28,True,-0.00047,0.7876048139275682,1.508923606372456,5.337787967938791,2.4059740578972406e-06
54,Verrucomicrobiota,"Isoleucine, leucine, valine biosynthesis",-0.2335125280848514,0.7689046602115742,,,6,True,-0.0005744444444444,-0.4158199006307044,-0.0512051555389985,-2.1474481902005653,0.03673082244336537
55,Verrucomicrobiota,Asparagine biosynthesis,0.0862436318904877,0.2849924203265267,,,7,True,-0.000634126984127,0.0186719002652483,0.1538153635157271,2.139827328532077,0.03737423565596183
56,Verrucomicrobiota,Ribosome 50S subunit,0.0701440091973845,0.28411048323162,,,4,True,-0.0010966666666666,0.0027813849463661,0.1375066334484029,1.7457752350041407,0.08711779802995914
57,Verrucomicrobiota,Pyrimidine biosynthesis,3.3859511835812195,1.167166732675013,,,50,True,-0.001104126984127,3.1092158334555493,3.6626865337068897,20.513170703465796,1.0610040131499838e-25
58,Verrucomicrobiota,A/V-type ATP synthase,0.0931642279513225,0.2466856626269265,,,9,True,-0.0011899206349207,0.0346750324431657,0.1516534234594794,2.6704858582729303,0.010248741507663849
59,Verrucomicrobiota,"TCA cycle, glyoxylate bypass",-0.0695458217682245,0.2957869501550069,,,3,False,-0.0013242063492063,-0.1396769375053467,0.0005852939688975,-1.6625588840120147,0.1027855253557984
60,Verrucomicrobiota,2Fe2S,-0.7024601511080173,1.0120617042327993,,,29,True,-0.0014025396825397,-0.9424200833344528,-0.4625002188815819,-4.907945180460551,1.060038270126248e-05
61,Verrucomicrobiota,Urea cycle,-0.7715590504432207,1.0944528838305283,,,26,True,-0.0022231746031745,-1.0310539396684633,-0.5120641612179782,-4.984907479477526,8.146992226280315e-06
62,Verrucomicrobiota,Lipoate biosynthesis,-0.2570676402196706,0.5694411156835396,,,14,True,-0.0024544444444445,-0.3920821862249967,-0.1220530942143446,-3.1921522105890876,0.0024668015495840807
63,Verrucomicrobiota,NAD biosynthesis,3.765226476535952,1.6714099360681864,,,48,True,-0.003383253968254,3.368935011989778,4.161517941082126,15.929169240938911,5.1878328387428085e-21
64,Verrucomicrobiota,3D,3.6708113903745767,1.347428709017224,,,50,True,-0.0048529365079365,3.351335907463356,3.990286873285797,19.26376964673611,1.6530473127290714e-24
65,Verrucomicrobiota,Archaeal ribosomal proteins,-0.8689954900402475,1.015510298993737,,,29,True,-0.0055653968253968,-1.1097730844325866,-0.6282178956479084,-6.050875155445131,1.9538537330118538e-07
66,Verrucomicrobiota,Molybdopterin biosynthesis,-1.101166510246156,1.0220672218785265,,,36,True,-0.0110338095238095,-1.3434987517163042,-0.858834268776008,-7.618308169392845,7.356566243558271e-10
67,Verrucomicrobiota,Methionine biosynthesis,-1.5793681263874615,1.65274907043564,,,33,True,-0.0125706349206349,-1.9712350978086173,-1.187501154966306,-6.7571171700256905,1.5779924638880227e-08
68,Verrucomicrobiota,Pyrimidine salvage,-4.1436715929465295,1.1611213015994215,,,50,True,-0.024839126984127,-4.41897357075398,-3.86836961513908,-25.234385747178287,9.850015171549652e-30
69,Verrucomicrobiota,Biotin biosynthesis,-4.494231713625863,1.5631911314807438,,,50,True,-0.0393904761904762,-4.864864488681248,-4.123598938570479,-20.329578750348947,1.5751066567696542e-25
0,Deinococcota,Molybdopterin biosynthesis,-6.307850243042069,1.8909432202795011,,,50,True,0.2437115987460812,-6.756193071433423,-5.859507414650716,-23.587824498003577,2.1000412805874555e-28
1,Deinococcota,Arginine biosynthesis,-4.379078154433282,1.198200986769499,,,50,True,0.1344702194357365,-4.6631717293372095,-4.0949845795293545,-25.84270829799711,3.320894622673131e-30
2,Deinococcota,Pyrimidine salvagetRNA modification,4.200853699788166,1.2230083311957765,,,50,True,0.1233521421107626,3.910878301016829,4.490829098559502,24.288077702532885,5.594592060800433e-29
3,Deinococcota,Glycine cleavage,2.2806486803464634,1.027545889501396,,,48,True,0.1105454545454544,2.037017446229941,2.5242799144629853,15.694307805169261,9.556264261545252e-21
4,Deinococcota,Unannotated,2.364347045617588,0.6003568216204732,,,50,True,0.0763051201671889,2.222002382614126,2.50669170862105,27.847536145620154,1.0732909520027417e-31
5,Deinococcota,FoF1-type ATP synthase,-2.0114118778102315,2.457005235035754,,,29,True,0.0710386624869381,-2.5939680670359806,-1.4288556885844823,-5.788685177702054,4.944698929369473e-07
6,Deinococcota,Entner-Doudoroff pathway,0.796091934288061,1.1976915317612356,,,24,True,0.0485851619644721,0.512119151218015,1.0800647173581068,4.700058322656856,2.1458922060092934e-05
7,Deinococcota,Pentose phosphate pathway,-1.2620010420315708,1.100562523139364,,,39,True,0.041078369905956,-1.522944527353617,-1.0010575567095246,-8.10830348956024,1.3055355633446e-10
8,Deinococcota,Pyrimidine salvage,1.4180287645159415,1.0780782437772125,,,42,True,0.0345914315569486,1.1624163041001208,1.6736412249317625,9.300788334190836,2.1101193434098096e-12
9,Deinococcota,Methionine biosynthesis,-1.7650705495333243,1.5708119014360638,,,42,True,0.0106666666666665,-2.137510209914321,-1.392630889152328,-7.945530293644012,2.3145378706445927e-10
10,Deinococcota,Archaeal ribosomal proteins,-0.1611949762971603,0.4856511347283694,,,9,True,0.0103490073145244,-0.2763429093606415,-0.0460470432336792,-2.346994636318072,0.02301123160380696
11,Deinococcota,tRNA modification,-0.2172937791322413,0.6478548470715698,,,10,True,0.0071222570532913,-0.3709002287643896,-0.0636873295000931,-2.371671763028204,0.021681324365274042
12,Deinococcota,Lipid A biosynthesis,0.1697241342484851,0.3656506414922471,,,13,True,0.0062863113897595,0.0830283302435846,0.2564199382533855,3.2821790156948056,0.0019033348328891786
13,Deinococcota,Pyridoxal phosphate biosynthesis,-0.5813247806606346,1.6210875502689408,,,9,True,0.005985370950888,-0.9656848024544982,-0.1969647588667712,-2.53569706589087,0.014462254050323062
14,Deinococcota,Threonine biosynthesis,-0.4315840966129842,0.8000725282141891,,,21,True,0.003494252873563,-0.6212813738081979,-0.2418868194177706,-3.814354706672442,0.00038301671321949016
15,Deinococcota,Aminoacyl-tRNA synthetases,-0.6890621980025542,1.1077809312278202,,,20,True,0.0031598746081503,-0.9517171686109664,-0.4264072273941421,-4.398347535436231,5.870192866901162e-05
16,Deinococcota,Lipoate biosynthesis,-0.1059863004756199,0.3377213000463245,,,8,True,0.0028087774294669,-0.1860600548046333,-0.0259125461466066,-2.2190969823018563,0.03114204655066792
17,Deinococcota,Thymidylate biosynthesis,0.0409251224442798,0.1480934750984354,,,4,True,0.0025078369905955,0.0058121445505687,0.0760381003379909,1.9540652673593557,0.05641343316525132
18,Deinococcota,Fatty acid biosynthesis,0.5018360866867502,0.578338119929935,,,30,True,0.0018223615464993,0.3647120600765812,0.638960113296919,6.135713481644804,1.4454628317678554e-07
19,Deinococcota,Ribosome 50S subunit,-0.3340533881068465,0.6615752128424085,,,17,True,0.0013709508881922,-0.490912937848131,-0.177193838365562,-3.570439330606539,0.0008100541851084288
20,Deinococcota,Serine biosynthesis,-0.0192163870901816,0.0691709071504488,,,4,True,0.0011536050156739,-0.0356168161573452,-0.0028159580230179,-1.9644151249626738,0.05516668483952067
21,Deinococcota,Heme biosynthesis,-0.0883745310201915,0.2572336882769974,,,8,True,8.359456635316971e-05,-0.1493646644746493,-0.0273843975657338,-2.4293175045279,0.01883959750100813
22,Deinococcota,Mureine biosynthesis,0.0,0.0,,,0,False,0.0,,,,
23,Deinococcota,Isoprenoid biosynthesis,0.0,0.0,,,0,False,0.0,,,,
24,Deinococcota,Riboflavin/FAD biosynthesis,0.0,0.0,,,0,False,0.0,,,,
25,Deinococcota,Glycolysis,-0.0024994840068825,0.01767402090734,,,1,False,0.0,-0.006689996147947,0.0016910281341818,-0.9999999999999655,0.3222234059506921
26,Deinococcota,Urea cycle,0.0,0.0,,,0,False,0.0,,,,
27,Deinococcota,Histidine biosynthesis,0.0,0.0,,,0,False,0.0,,,,
28,Deinococcota,Purine biosynthesis,0.0,0.0,,,0,False,0.0,,,,
29,Deinococcota,Translation factors,0.0,0.0,,,0,False,0.0,,,,
30,Deinococcota,Pyrimidine degradation,0.0,0.0,,,0,False,0.0,,,,
31,Deinococcota,A/V-type ATP synthase,-0.0100896274626003,0.0713444399845071,,,1,False,0.0,-0.0270054013841055,0.0068261464589048,-0.9999999999999974,0.3222234059506768
32,Deinococcota,"Histidine biosynthesis, Purine biosynthesis",0.0,0.0,,,0,False,0.0,,,,
33,Deinococcota,Na+-translocating NADH dehydrogenase,0.0,0.0,,,0,False,0.0,,,,
34,Deinococcota,"TCA cycle, glyoxylate bypass",0.0,0.0,,,0,False,0.0,,,,
35,Deinococcota,Folate biosynthesis,0.0,0.0,,,0,False,0.0,,,,
36,Deinococcota,23S rRNA modification,0.0,0.0,,,0,False,0.0,,,,
37,Deinococcota,Cobalamine/B12 biosynthesis,0.0131779669711781,0.0674204721064662,,,2,False,0.0,-0.0028074337703763,0.0291633677127327,1.3821068759141313,0.17320722547599252
38,Deinococcota,Biotin biosynthesis,0.0014901080526619,0.0105366550873796,,,1,False,0.0,-0.001008133932077,0.003988350037401,0.999999999999953,0.322223405950698
39,Deinococcota,3D,0.0,0.0,,,0,False,0.0,,,,
40,Deinococcota,Pantothenate/CoA biosynthesis,0.005625018138024,0.0397748846969412,,,1,False,0.0,-0.003805611038314,0.0150556473143621,0.9999999999999943,0.3222234059506782
41,Deinococcota,"Isoleucine, leucine, valine biosynthesis",0.0,0.0,,,0,False,0.0,,,,
42,Deinococcota,Non-phosphorylated Entner-Doudoroff pathway,0.0,0.0,,,0,False,0.0,,,,
43,Deinococcota,CRISPR-Cas system,0.0,0.0,,,0,False,0.0,,,,
44,Deinococcota,Gluconeogenesis,-0.0186800992190537,0.082232047740076,,,3,False,0.0,-0.0381773260383492,0.0008171276002417,-1.606286745136355,0.11463695566267756
45,Deinococcota,Proline degradation,0.0,0.0,,,0,False,0.0,,,,
46,Deinococcota,16S rRNA modification,0.0,0.0,,,0,False,0.0,,,,
47,Deinococcota,Purine salvage,0.0,0.0,,,0,False,0.0,,,,
48,Deinococcota,Na+-translocating Fd:NADH oxidoreductase,0.0,0.0,,,0,False,0.0,,,,
49,Deinococcota,Menaquinone biosynthesis,0.0,0.0,,,0,False,0.0,,,,
50,Deinococcota,Pyrimidine biosynthesis,-0.0113897846608019,0.072420791572634,,,2,False,0.0,-0.028560761652494,0.0057811923308901,-1.112083117985536,0.27152896612838556
51,Deinococcota,Ribosome 30S subunit,0.0,0.0,,,0,False,0.0,,,,
52,Deinococcota,Lysine biosynthesisTCA cycle,0.0,0.0,,,0,False,0.0,,,,
53,Deinococcota,RNA polymerase,0.0,0.0,,,0,False,0.0,,,,
54,Deinococcota,Pyruvate oxidation,0.0,0.0,,,0,False,0.0,,,,
55,Deinococcota,NAD biosynthesis,0.0,0.0,,,0,False,0.0,,,,
56,Deinococcota,2Fe2S,0.0,0.0,,,0,False,0.0,,,,
57,Deinococcota,TCA cycle,0.0,0.0,,,0,False,0.0,,,,
58,Deinococcota,Proline biosynthesis,0.0,0.0,,,0,False,0.0,,,,
59,Deinococcota,Aromatic amino acid biosynthesis,0.0,0.0,,,0,False,0.0,,,,
60,Deinococcota,NADH dehydrogenase,0.0,0.0,,,0,False,0.0,,,,
61,Deinococcota,Asparagine biosynthesis,0.0,0.0,,,0,False,0.0,,,,
62,Deinococcota,Phospholipid biosynthesis,-0.2104869613888151,0.507210282999897,,,13,True,-0.0002173458725183,-0.3307465706835564,-0.0902273520940738,-2.9344191696802087,0.005073154076483055
63,Deinococcota,Cysteine biosynthesis,-0.0576748281601365,0.1776369228175867,,,7,True,-0.0003176593521422,-0.0997925604900377,-0.0155570958302353,-2.295821243068943,0.026004100236568514
64,Deinococcota,Ubiquinone biosynthesis,2.3410408429208265,1.3092382821711588,,,48,True,-0.0010700104493208,2.0306203140695733,2.65146137177208,12.643732448144066,4.822327425874661e-17
65,Deinococcota,Glutamine biosynthesis,-0.0319790518220955,0.1586016557235704,,,3,False,-0.0024576802507838,-0.0695835204026734,0.0056254167584823,-1.4257483187143802,0.16028080918317059
66,Deinococcota,Thiamine biosynthesis,-0.0639901469391696,0.2534987673012863,,,5,True,-0.0033605015673981,-0.1240947302533005,-0.0038855636250387,-1.7849343928380053,0.08046292865017415
67,Deinococcota,Lysine biosynthesis,1.117832946360456,0.7529799151250259,,,47,True,-0.018675026123302,0.939301332481994,1.296364560238918,10.497321916932842,3.9211692445429177e-14
68,Deinococcota,Glycine cleavagePyruvate oxidation,-2.238107002368812,1.081522201996981,,,49,True,-0.0323343782654128,-2.494536025626157,-1.9816779791114665,-14.632900142724035,1.6345907784129827e-19
69,Deinococcota,Unknown,0.9994754512197364,0.6251061188374274,,,46,True,-0.0365642633228841,0.851262727348055,1.147688175091418,11.305854284410904,2.9310818794560875e-15
